TITRE,PRIX,ARR,LINK,M2,PIECES
BEAUTIFUL & BRILLIANTLY FURNISHED 1-BEDROOM APARTMENT FOR RENT,€700,PARIS,https://paris.craigslist.org/apa/d/beautiful-brilliantly-furnished-1/6796362622.html,,1
"SUPERB, NEWLY & EXTREMELY FURNISHED 1-BEDROOM APARTMENT FOR RENT!!!",€700,PARIS,https://paris.craigslist.org/apa/d/superb-newly-extremely-furnished-1/6789822385.html,,1
Close BUS & Metro Studio-Apartment sleeps 2 to 5,€550,Rue Cambacérès,https://paris.craigslist.org/apa/d/close-bus-metro-studio-apartment-sleeps/6796344476.html,,1
Paris apartment rental near Invalides,€2100,7th arrondissement,https://paris.craigslist.org/apa/d/paris-apartment-rental-near-invalides/6796377923.html,58,
Apartment on Rue Commines,€1000,5th arrondissement,https://paris.craigslist.org/apa/d/apartment-on-rue-commines/6796371570.html,30,
Appartement à La Villette à Paris,€1127,19ème arrondissement,https://paris.craigslist.org/apa/d/appartement-la-villette-paris/6796367772.html,35,
Charming studio near Boulainvilliers,€950,16th arrondissement,https://paris.craigslist.org/apa/d/charming-studio-near-boulainvilliers/6796367119.html,15,
Your flat in Paris for a long term stay,,Paris,https://paris.craigslist.org/apa/d/your-flat-in-paris-for-long-term-stay/6796366421.html,,
"2ème arrondissement, Studio rue de Richelieu",€900,2ème arrondissement,https://paris.craigslist.org/apa/d/2me-arrondissement-studio-rue-de/6796365777.html,18,
"1BR, 50sqm, avenue du General Leclerc",€1600,14th arrondissement,https://paris.craigslist.org/apa/d/1br-50sqm-avenue-du-general-leclerc/6796364714.html,50,
Close BUS & Metro Studio-Apartment sleeps 2 to 5,€550,Rue Cambacérès,https://paris.craigslist.org/apa/d/close-bus-metro-studio-apartment-sleeps/6796344664.html,,1
Short & Long Stay in Paris and Wifi,€500,Rue Rouelle,https://paris.craigslist.org/apa/d/short-long-stay-in-paris-and-wifi/6796337345.html,,1
Short & Long Stay in Paris and Wifi,€500,Rue Rouelle,https://paris.craigslist.org/apa/d/short-long-stay-in-paris-and-wifi/6796336752.html,,1
Fully furnished one bedroom apartment in a prime location,€1354,Marais,https://paris.craigslist.org/apa/d/fully-furnished-one-bedroom-apartment/6794562429.html,30,1
Fully furnished one bedroom apartment for rent,€1270,La fourche,https://paris.craigslist.org/apa/d/fully-furnished-one-bedroom-apartment/6794577757.html,35,1
Studio en mezzanine 18m² à 4min du métro Villiers-Paris8,€500,500€ PER MONTH,https://paris.craigslist.org/apa/d/studio-en-mezzanine-18m-4min-du-mtro/6776243939.html,18,1
"Studio 35m2 + Mezzanine, Rue de Lisbonne Paris8è",€505,505€ PER MONTH,https://paris.craigslist.org/apa/d/studio-35m2-mezzanine-rue-de-lisbonne/6787549258.html,35,1
Studio 48m2 à 9min de l' Uni. Panthéon-Sorbonne Paris1,€525,525€ PER MONTH,https://paris.craigslist.org/apa/d/studio-48m2-9min-de-uni-panthon/6787464194.html,48,1
Bel 1 Chambre 50m² au coeur de Paris 19è,€575,575€ PER MONTH,https://paris.craigslist.org/apa/d/bel-1-chambre-50m-au-coeur-de-paris-19/6787458222.html,50,1
"Joli T2 45m² à 6min "" Métro George V "" Paris 8è",€585,585€ PER MONTH,https://paris.craigslist.org/apa/d/joli-t2-45m-6min-mtro-george-paris-8/6776156883.html,45,1
"The apartment consists of 1 bedroom, 1 bathroom with free toiletries",€400,"Boulevard de Sébastopol, 3rd arr., 75002 Paris, France",https://paris.craigslist.org/apa/d/the-apartment-consists-of-1-bedroom-1/6787625770.html,,1
"Offering free WiFi and city views, Private Apartment - Central Paris",€400,Boulevard de Sébastopol,https://paris.craigslist.org/apa/d/offering-free-wifi-and-city-views/6787625231.html,,1
- Studio - One block from metro Rambuteau,€1699,Paris Marais - Rue des Haudriettes,https://paris.craigslist.org/apa/d/studio-one-block-from-metro-rambuteau/6796197420.html,,
Totally furnished APARTMENT with separate kitchen.,€1590,Paris Bastille Marais - Bd Richard Lenoir-,https://paris.craigslist.org/apa/d/totally-furnished-apartment-with/6796194424.html,,
"""STUNNING""  1-BED APARTMENT AVAILABLE!",€1299,Paris Goncourt - Rue Arthur Groussier,https://paris.craigslist.org/apa/d/stunning-1-bed-apartment-available/6796181979.html,,
RENOVATED/FURNISHED 1 Bedroom - 43m2,€1599,Paris Censier Daubenton - Rue du Fer a Moulin,https://paris.craigslist.org/apa/d/renovated-furnished-1-bedroom-43m2/6796195795.html,,
One bedroom second floor 45m2 apartment adjacent to Metro Cambronne.,€1550,Paris Cambronne - Villa Croix Nivert,https://paris.craigslist.org/apa/d/one-bedroom-second-floor-45m2-apartment/6796192279.html,,
"Fully furnished studio for rent, 14m2 + 10m2 balcony",€760,14th district,https://paris.craigslist.org/apa/d/fully-furnished-studio-for-rent-14m2/6780297508.html,,
Fully furnished one bedroom apartment in a prime location,€1532,Marais,https://paris.craigslist.org/apa/d/fully-furnished-one-bedroom-apartment/6793016380.html,42,1
SPACIOUS 1 Bedroom - 36m2,€1499,Paris Victor Hugo - Rue Lauriston,https://paris.craigslist.org/apa/d/spacious-1-bedroom-36m2/6796189757.html,,
Furnished {50m2}  apartment with balcony,€1499,Paris Buttes Chaumont- Rue Compans,https://paris.craigslist.org/apa/d/furnished-50m2-apartment-with-balcony/6796187274.html,,
"MODERN , CENTRAL LOCATED 2 BEDROOM",€800,CITY,https://paris.craigslist.org/apa/d/modern-central-located-2-bedroom/6790546643.html,,2
One bedroom apartment fully furnished!,€1050,Paris Montmartre - Rue Labat,https://paris.craigslist.org/apa/d/one-bedroom-apartment-fully-furnished/6796172369.html,,
- Studio - In a building with digital code!,€1100,Paris Avenue la Motte Piquet - Boulevard Grenelle,https://paris.craigslist.org/apa/d/studio-in-building-with-digital-code/6796176404.html,,
Charming and quiet studio in a great 17th century convent!,€1099,Paris Glaciere - Rue des Tanneries,https://paris.craigslist.org/apa/d/charming-and-quiet-studio-in-great-17th/6796174847.html,,
Nice Apartment close to Pernety Metro station.,€1299,Paris Pernety - Rue de la Sabliere,https://paris.craigslist.org/apa/d/nice-apartment-close-to-pernety-metro/6796180358.html,,
Studio with elevator in perfect condition**,€800,Paris Passy - Rue Benjamin Franklin,https://paris.craigslist.org/apa/d/studio-with-elevator-in-perfect/6796169399.html,,
Calm and sunny fully furnished apartment**,€1299,Paris Marcadet Poissonieres Rue Marcadet,https://paris.craigslist.org/apa/d/calm-and-sunny-fully-furnished-apartment/6796178553.html,,
*Apartment: With Super fast Internet connection.,€1090,Paris Abbesses - Rue Durantin,https://paris.craigslist.org/apa/d/apartment-with-super-fast-internet/6796173635.html,,
- Studio - Overlooking a courtyard!,€650,Paris Republique - Quai de Valmy,https://paris.craigslist.org/apa/d/studio-overlooking-courtyard/6796166881.html,,
Private Studio Just Perfect !!!,€850,Paris,https://paris.craigslist.org/apa/d/private-studio-just-perfect/6796167432.html,51,1
1480/month gorgeous furnished studio Avenue FOCH,€1480,FOCH/ Malakoff metro Porte Maillot,https://paris.craigslist.org/apa/d/1480-month-gorgeous-furnished-studio/6796165775.html,33,
"Fully furnished studio for rent, 20m2",€750,Coulée verte,https://paris.craigslist.org/apa/d/fully-furnished-studio-for-rent-20m2/6794425566.html,20,
Your flat in Paris for a long term stay,,,https://paris.craigslist.org/apa/d/your-flat-in-paris-for-long-term-stay/6796155420.html,,
Apartment near Marais on Rue des Gravilliers,€1100,3rd arrondissement,https://paris.craigslist.org/apa/d/apartment-near-marais-on-rue-des/6796155352.html,25,
Appartement à Buttes Chaumont,€860,19ème arrondissement,https://paris.craigslist.org/apa/d/appartement-buttes-chaumont/6796155265.html,20,
Paris apartment rental near Commerce,€1290,15th arrondissement,https://paris.craigslist.org/apa/d/paris-apartment-rental-near-commerce/6796155193.html,35,
Paris apartment rental near Dupleix,€3495,,https://paris.craigslist.org/apa/d/paris-apartment-rental-near-dupleix/6796155107.html,107,
Private Studio Just Perfect !!!,€850,Paris,https://paris.craigslist.org/apa/d/private-studio-just-perfect/6796151352.html,51,1
Furnished 2 rooms last floor w. elevator,€900,6th - Montparnasse,https://paris.craigslist.org/apa/d/furnished-2-rooms-last-floor-elevator/6796142946.html,,1
Newly furnished one bedroom apartment in excellent location,€735,paris 15,https://paris.craigslist.org/apa/d/newly-furnished-one-bedroom-apartment/6779864479.html,18,1
FURNISHED AMAZING 1 BEDROOM STUDIO APARTMENT AVAILABLE NOW,€700,Paris,https://paris.craigslist.org/apa/d/furnished-amazing-1-bedroom-studio/6794127188.html,80,1
Fully furnished studio for rent,€740,Voltaire,https://paris.craigslist.org/apa/d/fully-furnished-studio-for-rent/6785764409.html,15,
"Fully furnished 1 bdr duplex ""atelier d'artiste""",€1000,Luxembourg gardens,https://paris.craigslist.org/apa/d/fully-furnished-1-bdr-duplex-atelier/6785726756.html,25,1
Paris duplex apartment rental near Les Halles,€990,2nd arrondissement,https://paris.craigslist.org/apa/d/paris-duplex-apartment-rental-near-les/6796133710.html,18,
Your flat in Paris for a long term stay,,,https://paris.craigslist.org/apa/d/your-flat-in-paris-for-long-term-stay/6796133662.html,,
Paris apartment rental near Saint-Germain-des-Prés,€1500,6th arrondissement,https://paris.craigslist.org/apa/d/paris-apartment-rental-near-saint/6796133613.html,32,
"1BR (26sqm), Rue des Roses",€900,18th arrondissement,https://paris.craigslist.org/apa/d/1br-26sqm-rue-des-roses/6796133549.html,26,
2 pièces 25m² Rue de la Mare,€900,20ème,https://paris.craigslist.org/apa/d/2-pices-25m-rue-de-la-mare/6796133481.html,25,
Your flat in Paris for a long term stay,,Paris,https://paris.craigslist.org/apa/d/your-flat-in-paris-for-long-term-stay/6796128987.html,,
Paris apartment rental near Martyrs,€1800,,https://paris.craigslist.org/apa/d/paris-apartment-rental-near-martyrs/6796127928.html,63,
"1BR (26sqm), Rue des Roses",€900,18th arrondissement,https://paris.craigslist.org/apa/d/1br-26sqm-rue-des-roses/6796127548.html,26,
Private Studio Just Perfect !!!,€850,Paris,https://paris.craigslist.org/apa/d/private-studio-just-perfect/6796041049.html,51,1
50m2 Central Paris apartment Rental,€1500,Paris,https://paris.craigslist.org/apa/d/50m2-central-paris-apartment-rental/6796029609.html,50,2
"SUPERB, NEWLY & EXTREMELY FURNISHED 1-BEDROOM APARTMENT FOR RENT!!!",€800,PARIS,https://paris.craigslist.org/apa/d/superb-newly-extremely-furnished-1/6774617497.html,,1
Lovely Apartment In Paris,€450,Passage Thiéré,https://paris.craigslist.org/apa/d/lovely-apartment-in-paris/6795746681.html,13,1
Lovely Apartment In Paris,€450,Passage Thiéré,https://paris.craigslist.org/apa/d/lovely-apartment-in-paris/6795745170.html,13,1
Studio Avenue Georges Mandel,€1450,16ème  arrondissement,https://paris.craigslist.org/apa/d/studio-avenue-georges-mandel/6795534385.html,36,
Your flat in Paris for a long term stay,,Paris,https://paris.craigslist.org/apa/d/your-flat-in-paris-for-long-term-stay/6795533456.html,,
"Paris apartment rental on a quiet street, Villa Verlaine",€1350,,https://paris.craigslist.org/apa/d/paris-apartment-rental-on-quiet-street/6795533254.html,40,
Apartment studio near Stalingrad,€1100,,https://paris.craigslist.org/apa/d/apartment-studio-near-stalingrad/6795532955.html,29,
1 Bdr renovated & bright - Canal St-Martin (Feb 2),€1350,Paris,https://paris.craigslist.org/apa/d/1-bdr-renovated-bright-canal-st-martin/6790686676.html,35,1
"MODERN , CENTRAL LOCATED 2 BEDROOM",€800,PARIS,https://paris.craigslist.org/apa/d/modern-central-located-2-bedroom/6789954091.html,,2
"❤ Terrific Location, Adorable Studio Le Marais",€1200,Rue des Francs Bourgeois,https://paris.craigslist.org/apa/d/terrific-location-adorable-studio-le/6784889519.html,20,1
Quai St Michel : bright 1 BR apartment,€1600,"PARIS 5th, France",https://paris.craigslist.org/apa/d/quai-st-michel-bright-1-br-apartment/6795414755.html,40,1
2 bedroom 130m2 loft apartment!,€3399,Paris Jaques Bonsergent - Canal Saint Martin-,https://paris.craigslist.org/apa/d/2-bedroom-130m2-loft-apartment/6795373130.html,,
Large one bedroom 70m2 apartment,€2575,Paris Voltaire - Avenue Parmentier-,https://paris.craigslist.org/apa/d/large-one-bedroom-70m2-apartment/6795366616.html,,
Sunny fully-furnished 1-bedroom flat in 18th arrondissement,€1450,Paris Marcadet Poissoniers - Rue Marcadet,https://paris.craigslist.org/apa/d/sunny-fully-furnished-1-bedroom-flat-in/6795338939.html,,
- 3 Bedroom  apartment with balcony and view over Paris,€2999,North-West St Cloud - Allee Florent Schmitt,https://paris.craigslist.org/apa/d/3-bedroom-apartment-with-balcony-and/6795371331.html,,
1 bedroom apartment with elevator and balcony!,€2299,Paris Wagram - Rue Philibert Delorme,https://paris.craigslist.org/apa/d/1-bedroom-apartment-with-elevator-and/6795365361.html,,
- 70m2.. Stylish and modern rooftop apartment,€1950,Paris Rambuteau - Rue St Martin,https://paris.craigslist.org/apa/d/70m2-stylish-and-modern-rooftop/6795363830.html,,
Very Sunny Apartment ( 1 bedroom ),€2100,North-West Neuilly-sur-Seine-Rue Chauveau,https://paris.craigslist.org/apa/d/very-sunny-apartment-1-bedroom/6795364610.html,,
- Studio - One block from metro Rambuteau!,€1699,Paris Marais - Rue des Haudriettes,https://paris.craigslist.org/apa/d/studio-one-block-from-metro-rambuteau/6795348834.html,,
Very Bright Apartment!  2 Bedroom - 65m2,€1850,North-West St Cloud - Residence Beausoleil,https://paris.craigslist.org/apa/d/very-bright-apartment-2-bedroom-65m2/6795362865.html,,
Bright Studio Apartment - 25m2,€1100,Paris Avenue la Motte Piquet - Boulevard Grenelle,https://paris.craigslist.org/apa/d/bright-studio-apartment-25m2/6795333200.html,,
*Apartment* close to Bastille!,€1590,Paris Bastille Marais - Bd Richard Lenoir-,https://paris.craigslist.org/apa/d/apartment-close-to-bastille/6795345775.html,,
Top Floor Apartment { Studio - 14m2},€650,Paris Republique - Quai de Valmy,https://paris.craigslist.org/apa/d/top-floor-apartment-studio-14m2/6795327814.html,,
Renovated 1 Bedroom Apartment!,€1599,Paris Censier Daubenton - Rue du Fer a Moulin,https://paris.craigslist.org/apa/d/renovated-1-bedroom-apartment/6795347395.html,,
"""1 Bedroom flat with balcony""",€1499,Paris Buttes Chaumont- Rue Compans,https://paris.craigslist.org/apa/d/1-bedroom-flat-with-balcony/6795342839.html,,
- 1 Bedroom apartment adjacent to Metro Cambronne-,€1550,Paris Cambronne - Villa Croix Nivert,https://paris.craigslist.org/apa/d/1-bedroom-apartment-adjacent-to-metro/6795344823.html,,
Spacious Apartment! 1 Bedroom - 36m2,€1499,Paris Victor Hugo - Rue Lauriston,https://paris.craigslist.org/apa/d/spacious-apartment-1-bedroom-36m2/6795343867.html,,
Charming 1 bedroom  between Republique and Belleville,€1299,Paris Goncourt - Rue Arthur Groussier,https://paris.craigslist.org/apa/d/charming-1-bedroom-between-republique/6795338062.html,,
1 Bedroom Apartment in a safe building**,€1299,Paris Marcadet Poissonieres Rue Marcadet,https://paris.craigslist.org/apa/d/1-bedroom-apartment-in-safe-building/6795335414.html,,
Furnished Apartment: 1 Bedroom- 35m2,€1050,Paris Montmartre - Rue Labat-,https://paris.craigslist.org/apa/d/furnished-apartment-1-bedroom-35m2/6795330159.html,,
Apartment in the heart of the 14th district!,€1299,Paris Pernety - Rue de la Sabliere,https://paris.craigslist.org/apa/d/apartment-in-the-heart-of-the-14th/6795336822.html,,
Charming and quiet studio!,€1099,Paris Glaciere - Rue des Tanneries,https://paris.craigslist.org/apa/d/charming-and-quiet-studio/6795332015.html,,
- Studio Apartment Available- 13m2,€750,Paris Bastille - Rue de Charonne,https://paris.craigslist.org/apa/d/studio-apartment-available-13m2/6795328314.html,,
- Studio with a large terrace-,€800,Paris Passy - Rue Benjamin  Franklin,https://paris.craigslist.org/apa/d/studio-with-large-terrace/6795328980.html,,
A 24 sqm studio in Montmartre (1 bedroom),€1090,Paris Abbesses - Rue Durantin,https://paris.craigslist.org/apa/d/24-sqm-studio-in-montmartre-1-bedroom/6795331038.html,,
"MODERN , CENTRAL LOCATED 1 BEDROOM",€400,"Boulevard de Sébastopol, 3rd arr., 75002 Paris, France",https://paris.craigslist.org/apa/d/modern-central-located-1-bedroom/6787632320.html,,1
Newly furnished one bedroom apartment in excellent location,€400,Boulevard de Sébastopol,https://paris.craigslist.org/apa/d/newly-furnished-one-bedroom-apartment/6787625997.html,,1
Beautiful Studio with loft in 3rd Arrondissement,€500,3rd Arrondissement,https://paris.craigslist.org/apa/d/beautiful-studio-with-loft-in-3rd/6795315276.html,,1
1 Bedroom Available,€500,"Livry-Gargan, France",https://paris.craigslist.org/apa/d/1-bedroom-available/6795313546.html,,1
"MODERN , CENTRAL LOCATED 2 BEDROOM",€800,CITY,https://paris.craigslist.org/apa/d/modern-central-located-2-bedroom/6795309402.html,,2
House à Place d'Italie,€1650,13ème arrondissement,https://paris.craigslist.org/apa/d/house-place-ditalie/6795315145.html,60,
Apartment in Paris for monthly rental,,Paris,https://paris.craigslist.org/apa/d/apartment-in-paris-for-monthly-rental/6795315052.html,,
"4th district, Studio Rue St Louis en l' Ile",€1300,4th arrondissement,https://paris.craigslist.org/apa/d/4th-district-studio-rue-st-louis-en-ile/6795315002.html,,
Grand appartement Rue Etienne Marcel,€2700,2ème arrondissement,https://paris.craigslist.org/apa/d/grand-appartement-rue-etienne-marcel/6795314902.html,100,
Paris apartment rental near Invalides,€2100,7th arrondissement,https://paris.craigslist.org/apa/d/paris-apartment-rental-near-invalides/6795314818.html,58,
Amazing studio / Amazing studio in Rue du Temple,€500,4th Arrondissement,https://paris.craigslist.org/apa/d/amazing-studio-amazing-studio-in-rue-du/6795310780.html,,1
Fully furnished one bedroom apartment for rent,€992,Oberkamfp,https://paris.craigslist.org/apa/d/fully-furnished-one-bedroom-apartment/6784869702.html,25,1
"Furnished one bedroom apartment, perfect for roommates/singles/couples",€1300,Belleville,https://paris.craigslist.org/apa/d/furnished-one-bedroom-apartment-perfect/6782466375.html,42,1
"SUPERB, NEWLY & EXTREMELY FURNISHED 1-BEDROOM APARTMENT FOR RENT!!!",€700,PARIS,https://paris.craigslist.org/apa/d/superb-newly-extremely-furnished-1/6795299187.html,,1
"SUPERB, NEWLY & EXTREMELY FURNISHED 1-BEDROOM APARTMENT FOR RENT!!!",€700,PARIS,https://paris.craigslist.org/apa/d/superb-newly-extremely-furnished-1/6791836248.html,,1
Appartement à Champ de Mars à Paris,€1450,7ème arrondissement,https://paris.craigslist.org/apa/d/appartement-champ-de-mars-paris/6795295840.html,37,
Your flat in Paris for a long term stay,,Paris,https://paris.craigslist.org/apa/d/your-flat-in-paris-for-long-term-stay/6795295719.html,,
Paris apartment rental near Notre Dame,€1242,5th arrondissement,https://paris.craigslist.org/apa/d/paris-apartment-rental-near-notre-dame/6795295680.html,33,
Appartement à Grands Boulevards,€1250,10ème arrondissement,https://paris.craigslist.org/apa/d/appartement-grands-boulevards/6795295627.html,46,
Apartment on Rue Commines,€1000,5th arrondissement,https://paris.craigslist.org/apa/d/apartment-on-rue-commines/6795295556.html,30,
Paris duplex apartment rental near Les Halles,€990,2nd arrondissement,https://paris.craigslist.org/apa/d/paris-duplex-apartment-rental-near-les/6795240103.html,18,
Apartment near Marais on Rue des Gravilliers,€1100,3rd arrondissement,https://paris.craigslist.org/apa/d/apartment-near-marais-on-rue-des/6795236125.html,25,
Paris apartment rental near Gobelins,€1500,13th arrondissement,https://paris.craigslist.org/apa/d/paris-apartment-rental-near-gobelins/6795235975.html,45,
Your flat in Paris for a long term stay,,Paris,https://paris.craigslist.org/apa/d/your-flat-in-paris-for-long-term-stay/6795235821.html,,
"2ème arrondissement, Studio rue de Richelieu",€900,2ème arrondissement,https://paris.craigslist.org/apa/d/2me-arrondissement-studio-rue-de/6795235775.html,18,
Apartment studio near Villiers in Paris,€950,17th arrondissement,https://paris.craigslist.org/apa/d/apartment-studio-near-villiers-in-paris/6795235687.html,23,
Stable Lighty Studio In Molière,€400,Rue Molière,https://paris.craigslist.org/apa/d/stable-lighty-studio-in-molire/6795189481.html,30,1
Calm one bedroom Studio In The Upper Marais,€450,Rue Amelot,https://paris.craigslist.org/apa/d/calm-one-bedroom-studio-in-the-upper/6795204517.html,,1
Stable Lighty Studio In Molière,€400,Rue Molière,https://paris.craigslist.org/apa/d/stable-lighty-studio-in-molire/6795188642.html,30,1
"Parisian Romantic, Apartment",€500,Rue Mazarine,https://paris.craigslist.org/apa/d/parisian-romantic-apartment/6795208551.html,,1
"Parisian Romantic, Apartment",€500,Rue Mazarine,https://paris.craigslist.org/apa/d/parisian-romantic-apartment/6795208432.html,,1
Calm one bedroom Studio In The Upper Marais,€450,Rue Amelot,https://paris.craigslist.org/apa/d/calm-one-bedroom-studio-in-the-upper/6795204161.html,,1
White Lighty Apartment For Renting,€550,Rue Lepic,https://paris.craigslist.org/apa/d/white-lighty-apartment-for-renting/6795177757.html,43,1
White Lighty Apartment For Renting,€550,Rue Lepic,https://paris.craigslist.org/apa/d/white-lighty-apartment-for-renting/6795177274.html,43,1
Studio Apartment In Rue des Jeuneurs,€550,Paris,https://paris.craigslist.org/apa/d/studio-apartment-in-rue-des-jeuneurs/6781412869.html,15,
Studio Luxueux Aux Buttes Chaumont,€500,Rue Manin,https://paris.craigslist.org/apa/d/studio-luxueux-aux-buttes-chaumont/6779390342.html,27,1
Studio Luxueux Aux Buttes Chaumont,€500,Rue Manin,https://paris.craigslist.org/apa/d/studio-luxueux-aux-buttes-chaumont/6779828612.html,27,1
LOUVRE LOVELY APARTMENT LOCATED IN PARIS,€600,Rue Pierre Lescot,https://paris.craigslist.org/apa/d/louvre-lovely-apartment-located-in-paris/6777570388.html,30,1
Lovely Apartment In Paris,€450,Passage Thiéré,https://paris.craigslist.org/apa/d/lovely-apartment-in-paris/6777550237.html,13,1
Studio Apartment In Rue des Jeuneurs,€550,Paris,https://paris.craigslist.org/apa/d/studio-apartment-in-rue-des-jeuneurs/6781444458.html,15,1
Available Accommodation Closed To Saint Germain des Prés,€500,Rue Herschel,https://paris.craigslist.org/apa/d/available-accommodation-closed-to-saint/6794661186.html,,1
"Rue Ste Croix de la Bretonnerie : in Le Marais, cute 1 BR apartment",€1600,"Paris 4th, France",https://paris.craigslist.org/apa/d/rue-ste-croix-de-la-bretonnerie-in-le/6783210261.html,40,1
Bonaparte : stylish 1BR apartment in St Germain des Pres,€1350,"PARIS 6th, France",https://paris.craigslist.org/apa/d/bonaparte-stylish-1br-apartment-in-st/6783213333.html,36,1
PASSAGE DU GENIE: VERY FUNCTIONAL STUDIO,€725,"PARIS 12th, FRANCE",https://paris.craigslist.org/apa/d/passage-du-genie-very-functional-studio/6783215171.html,14,
"Popincourt : near metro Voltaire, renovated studio apartment",€850,"PARIS 11th, France",https://paris.craigslist.org/apa/d/popincourt-near-metro-voltaire/6783214774.html,20,
Cosy spacious 1 BR apartment near Arc de Triomphe / Champs Elysees,€1950,"Paris 17th, France",https://paris.craigslist.org/apa/d/cosy-spacious-1-br-apartment-near-arc/6783212901.html,53,1
"Rue du Dragon in St Germain des Prés area, spacious studio",€800,"Paris 6th, France",https://paris.craigslist.org/apa/d/rue-du-dragon-in-st-germain-des-prs/6783211228.html,20,
"Rue Ste Croix de la Bretonnerie : in Le Marais, cute 1 BR apartment",€1600,"Paris 4th, France",https://paris.craigslist.org/apa/d/rue-ste-croix-de-la-bretonnerie-in-le/6783210793.html,40,1
Rue de Sevres : apartment with character near St Germain-des-Pres,€1750,"PARIS 6th, France",https://paris.craigslist.org/apa/d/rue-de-sevres-apartment-with-character/6774497011.html,40,1
Available Accommodation Closed To Saint Germain des Prés,€500,Rue Herschel,https://paris.craigslist.org/apa/d/available-accommodation-closed-to-saint/6794661554.html,,1
Paris apartment rental near Gobelins,€1500,13th arrondissement,https://paris.craigslist.org/apa/d/paris-apartment-rental-near-gobelins/6794650700.html,45,
Paris apartment rental near Invalides,€2100,7th arrondissement,https://paris.craigslist.org/apa/d/paris-apartment-rental-near-invalides/6794641595.html,58,
Apartment studio near Convention in Paris,€1000,15th arrondissement,https://paris.craigslist.org/apa/d/apartment-studio-near-convention-in/6794642772.html,30,
Paris apartment rental near Dupleix,€3495,,https://paris.craigslist.org/apa/d/paris-apartment-rental-near-dupleix/6794642007.html,107,
Furnished Studio Apartment in heart of Paris,€400,6th Arrondissement,https://paris.craigslist.org/apa/d/furnished-studio-apartment-in-heart-of/6794440995.html,,1
Lovely Studio Apt Available in rue du Temple 4th Arrondissement,€500,4th Arrondissement,https://paris.craigslist.org/apa/d/lovely-studio-apt-available-in-rue-du/6794436016.html,,1
Paris apartment rental near Madeleine,€3775,1st arrondissement,https://paris.craigslist.org/apa/d/paris-apartment-rental-near-madeleine/6794437179.html,100,
"Appartement 2 chambres, Rue Custine",€1990,18ème,https://paris.craigslist.org/apa/d/appartement-2-chambres-rue-custine/6794437716.html,57,
Furnished 2 rooms last floor w. elevator,€900,6th - Montparnasse,https://paris.craigslist.org/apa/d/furnished-2-rooms-last-floor-elevator/6786546976.html,,1
White Lighty Apartment For Renting,€550,Rue Lepic,https://paris.craigslist.org/apa/d/white-lighty-apartment-for-renting/6794419522.html,43,1
White Lighty Apartment For Renting,€550,Rue Lepic,https://paris.craigslist.org/apa/d/white-lighty-apartment-for-renting/6794419247.html,43,1
Studio Apartment In Rue des Jeuneurs,€550,Paris,https://paris.craigslist.org/apa/d/studio-apartment-in-rue-des-jeuneurs/6792069505.html,15,1
Studio Apartment In Rue des Jeuneurs,€550,Paris,https://paris.craigslist.org/apa/d/studio-apartment-in-rue-des-jeuneurs/6781441680.html,15,1
Studio Apartment In Rue des Jeuneurs,€550,Paris,https://paris.craigslist.org/apa/d/studio-apartment-in-rue-des-jeuneurs/6792070108.html,15,1
LOUVRE LOVELY APARTMENT LOCATED IN PARIS,€600,Rue Pierre Lescot,https://paris.craigslist.org/apa/d/louvre-lovely-apartment-located-in-paris/6792080069.html,30,1
LOUVRE LOVELY APARTMENT LOCATED IN PARIS,€600,Rue Pierre Lescot,https://paris.craigslist.org/apa/d/louvre-lovely-apartment-located-in-paris/6792079106.html,30,1
Studio Luxueux Aux Buttes Chaumont,€500,Rue Manin,https://paris.craigslist.org/apa/d/studio-luxueux-aux-buttes-chaumont/6778976683.html,27,1
Lovely Apartment In Paris,€450,Passage Thiéré,https://paris.craigslist.org/apa/d/lovely-apartment-in-paris/6774503086.html,13,1
Studio Apartment In Rue des Jeuneurs,€550,Paris,https://paris.craigslist.org/apa/d/studio-apartment-in-rue-des-jeuneurs/6777551706.html,15,1
Studio Luxueux Aux Buttes Chaumont,€500,Rue Manin,https://paris.craigslist.org/apa/d/studio-luxueux-aux-buttes-chaumont/6778976397.html,27,1
The Treasury Montmartre - luxury 2 bed Apartment With Wireless Network,€500,Rue Caulaincourt,https://paris.craigslist.org/apa/d/the-treasury-montmartre-luxury-2-bed/6792061919.html,70,1
Apartment in Paris for monthly rental,,Paris,https://paris.craigslist.org/apa/d/apartment-in-paris-for-monthly-rental/6794417640.html,,
"Studio mezzanine (21m²), proche Notre-Dame, Quai de la Tournelle",€1250,5ème arrondissement,https://paris.craigslist.org/apa/d/studio-mezzanine-21m-proche-notre-dame/6794417261.html,21,
€400 / 1br - .Private Apartment - Central Paris - City Views,€400,"Boulevard de Sébastopol, 3rd arr., 75002 Paris, France",https://paris.craigslist.org/apa/d/400-1br-private-apartment-central-paris/6787625527.html,,1
Your flat in Paris for a long and Short term stay,€400,Boulevard de Sébastopol,https://paris.craigslist.org/apa/d/your-flat-in-paris-for-long-and-short/6787624871.html,,1
Paris apartment rental near Invalides,€2100,7th arrondissement,https://paris.craigslist.org/apa/d/paris-apartment-rental-near-invalides/6794417708.html,58,
Apartment near Marais on Rue des Gravilliers,€1100,3rd arrondissement,https://paris.craigslist.org/apa/d/apartment-near-marais-on-rue-des/6794417447.html,25,
Furnished 2BR apartment (46sqm) rue Berzélius,€1550,Paris 17th arrondissement,https://paris.craigslist.org/apa/d/furnished-2br-apartment-46sqm-rue/6794417352.html,46,
Location appartement à Quartier Latin,€4000,,https://paris.craigslist.org/apa/d/location-appartement-quartier-latin/6794400477.html,95,
House à Place d'Italie,€1650,13ème arrondissement,https://paris.craigslist.org/apa/d/house-place-ditalie/6794396950.html,60,
Studio meublé de 25m² à Paris 16,€500,Paris,https://paris.craigslist.org/apa/d/studio-meubl-de-25m-paris-16/6794226580.html,,
Apartment** near^ the Paris center^^2 BR & 2 BATH***,€720,paris,https://paris.craigslist.org/apa/d/apartment-near-the-paris-center2-br-2/6794067920.html,68,2
Loft with 2 mezzanines,€1300,Paris BASTILLE PERE LACHAISE,https://paris.craigslist.org/apa/d/loft-with-2-mezzanines/6788172855.html,,2
2bedrooms apt furnished 1.5 bath minimun 1 month,€2950,Louvres Tuileries Opera,https://paris.craigslist.org/apa/d/2bedrooms-apt-furnished-15-bath-minimun/6793931090.html,75,2
Furnished and beautiful One bedroom apartment located in the center of,€550,Rue Saint-Antoine Paris,https://paris.craigslist.org/apa/d/furnished-and-beautiful-one-bedroom/6776086857.html,,1
Appartement à Champ de Mars,€1450,7ème arrondissement,https://paris.craigslist.org/apa/d/appartement-champ-de-mars/6793806539.html,37,
"Offert Charming Studio, Montmartre and Opera",€480,rue de l'Agent Bailly 12 - Paris,https://paris.craigslist.org/apa/d/offert-charming-studio-montmartre-and/6793773210.html,28,1
Studio à Strasbourg Saint Denis,€850,10ème arrondissement,https://paris.craigslist.org/apa/d/studio-strasbourg-saint-denis/6793761894.html,16,
"SUPERB, NEWLY & EXTREMELY FURNISHED 1-BEDROOM APARTMENT FOR RENT!!!",€700,PARIS,https://paris.craigslist.org/apa/d/superb-newly-extremely-furnished-1/6772359348.html,,1
Paris apartment rental near Martyrs,€1800,,https://paris.craigslist.org/apa/d/paris-apartment-rental-near-martyrs/6793751785.html,63,
Apartment in Paris for monthly rental,,Paris,https://paris.craigslist.org/apa/d/apartment-in-paris-for-monthly-rental/6793752070.html,,
2 pièces 25m² Rue de la Mare,€900,20ème,https://paris.craigslist.org/apa/d/2-pices-25m-rue-de-la-mare/6793752096.html,25,
"Studio mezzanine (21m²), proche Notre-Dame, Quai de la Tournelle",€1250,5ème arrondissement,https://paris.craigslist.org/apa/d/studio-mezzanine-21m-proche-notre-dame/6793752083.html,21,
Paris apartment rental near Dupleix,€3495,,https://paris.craigslist.org/apa/d/paris-apartment-rental-near-dupleix/6793752054.html,107,
"Paris apartment rental on a quiet street, Villa Verlaine",€1350,,https://paris.craigslist.org/apa/d/paris-apartment-rental-on-quiet-street/6793751854.html,40,
"1BR (26sqm), Rue des Roses",€900,18th arrondissement,https://paris.craigslist.org/apa/d/1br-26sqm-rue-des-roses/6793727270.html,26,
Your flat in Paris for a long term stay,,Paris,https://paris.craigslist.org/apa/d/your-flat-in-paris-for-long-term-stay/6793720256.html,,
Appartement à Grands Boulevards,€1250,10ème arrondissement,https://paris.craigslist.org/apa/d/appartement-grands-boulevards/6793720113.html,46,
"2ème arrondissement, Studio rue de Richelieu",€900,2ème arrondissement,https://paris.craigslist.org/apa/d/2me-arrondissement-studio-rue-de/6793720304.html,18,
Furnished 2BR apartment (46sqm) rue Berzélius,€1550,Paris 17th arrondissement,https://paris.craigslist.org/apa/d/furnished-2br-apartment-46sqm-rue/6793720213.html,46,
"Appartement 2 chambres, Rue Custine",€1990,18ème,https://paris.craigslist.org/apa/d/appartement-2-chambres-rue-custine/6793720171.html,57,
Studio  AVAILABLE IN THE HEART OF Paris,€450,Rue Mazarine,https://paris.craigslist.org/apa/d/studio-available-in-the-heart-of-paris/6793678384.html,,1
Studio  AVAILABLE IN THE HEART OF Paris,€450,Rue Mazarine,https://paris.craigslist.org/apa/d/studio-available-in-the-heart-of-paris/6793678412.html,,1
FURNISHED STUDIO APARTMENT WITH BALCONY IN PARIS,€660,paris,https://paris.craigslist.org/apa/d/furnished-studio-apartment-with-balcony/6793396758.html,57,1
Furnished 2 bedrooms apt Paris 8,€2500,Paris Boétie,https://paris.craigslist.org/apa/d/furnished-2-bedrooms-apt-paris-8/6793285959.html,54,2
Gare du Nord - Gare de l'Est (Paris 10°) 600€,€600,Whatsapp 0644679345,https://paris.craigslist.org/apa/d/gare-du-nord-gare-de-lest-paris/6793252904.html,,
Parisian Apartment with a beautiful view,€450,Rue de Trétaigne,https://paris.craigslist.org/apa/d/parisian-apartment-with-beautiful-view/6793147170.html,,1
Parisian Apartment with a beautiful view,€450,Rue de Trétaigne,https://paris.craigslist.org/apa/d/parisian-apartment-with-beautiful-view/6793147546.html,,1
Available Accommodationin the heart of Montmartre,€500,Charles Dullin,https://paris.craigslist.org/apa/d/available-accommodationin-the-heart-of/6793124434.html,,1
"Studio (25sqm), near Buttes Chaumont, Rue Rebeval",€940,Paris 19th,https://paris.craigslist.org/apa/d/studio-25sqm-near-buttes-chaumont-rue/6793092027.html,25,
Studio à Strasbourg Saint Denis,€850,10ème arrondissement,https://paris.craigslist.org/apa/d/studio-strasbourg-saint-denis/6793096405.html,16,
Large one bedroom 70m2 apartment!,€2575,Paris Voltaire - Avenue Parmentier,https://paris.craigslist.org/apa/d/large-one-bedroom-70m2-apartment/6793079394.html,,
- 2 Bedroom  apartment with elevator and balcony,€2299,Paris Wagram - Rue Philibert Delorme,https://paris.craigslist.org/apa/d/2-bedroom-apartment-with-elevator-and/6793075385.html,,
- Two Bedroom  loft apartment right next to the Canal-,€3399,Paris Jaques Bonsergent - Canal Saint Martin,https://paris.craigslist.org/apa/d/two-bedroom-loft-apartment-right-next/6793084589.html,,
Charming 2 Bedroom Apartment - 68m2,€2699,Paris Saint Michel - Rue Git le Coeur,https://paris.craigslist.org/apa/d/charming-2-bedroom-apartment-68m2/6793081456.html,,
Sous loc - Fevrier-Avril/Mai,€1900,Paris 9eme,https://paris.craigslist.org/apa/d/sous-loc-fevrier-avril-mai/6793084207.html,60,1
- 3 Bedroom apartment with balcony*,€2999,North-West St Cloud - Allee Florent Schmitt,https://paris.craigslist.org/apa/d/3-bedroom-apartment-with-balcony/6793082608.html,,
- 70m2.. Stylish and modern rooftop apartment!,€1950,Paris Rambuteau - Rue St Martin,https://paris.craigslist.org/apa/d/70m2-stylish-and-modern-rooftop/6793073616.html,,
Totally furnished with separate kitchen.,€1590,Paris Bastille Marais - Bd Richard Lenoir,https://paris.craigslist.org/apa/d/totally-furnished-with-separate-kitchen/6793050947.html,,
- Studio - One block from metro Rambuteau,€1699,Paris Marais - Rue des Haudriettes,https://paris.craigslist.org/apa/d/studio-one-block-from-metro-rambuteau/6793054127.html,,
Sunny fully-furnished 1-bedroom flat in 18th arrondissement,€1450,Paris Marcadet Poissoniers - Rue Marcadet,https://paris.craigslist.org/apa/d/sunny-fully-furnished-1-bedroom-flat-in/6793043108.html,,
Very Bright Apartment!,€1850,North-West St Cloud - Residence Beausoleil,https://paris.craigslist.org/apa/d/very-bright-apartment/6793056528.html,,
Renovated 1 Bedroom Apartment!,€1599,Paris Censier Daubenton - Rue du Fer a Moulin,https://paris.craigslist.org/apa/d/renovated-1-bedroom-apartment/6793053228.html,,
"""One bedroom ""  28m2  apartment",€1299,Paris Goncourt - Rue Arthur Groussier,https://paris.craigslist.org/apa/d/one-bedroom-28m2-apartment/6793040180.html,,
Fifth floor apartment without elevator,€1475,Paris Reaumur - Sebastopol- Rue St Denis -,https://paris.craigslist.org/apa/d/fifth-floor-apartment-without-elevator/6793044051.html,,1
- 1 Bedroom -  apartment adjacent to Metro Cambronne,€1550,Paris Cambronne - Villa Croix Nivert,https://paris.craigslist.org/apa/d/1-bedroom-apartment-adjacent-to-metro/6793048889.html,,
Studio Apartment: lot of natural light !,€1100,Paris Avenue la Motte Piquet - Boulevard Grenelle,https://paris.craigslist.org/apa/d/studio-apartment-lot-of-natural-light/6793037773.html,,
Spacious 1 Bedroom Apartment @ 36m2,€1499,Paris Victor Hugo - Rue Lauriston,https://paris.craigslist.org/apa/d/spacious-1-bedroom-apartment-36m2/6793046826.html,,
*Sixth floor apartment with elevator*,€810,Paris Javel - Rue des Bergers,https://paris.craigslist.org/apa/d/sixth-floor-apartment-with-elevator/6793033151.html,,
Charming and quiet studio !,€1099,Paris Glaciere - Rue des Tanneries,https://paris.craigslist.org/apa/d/charming-and-quiet-studio/6793036738.html,,
Furnished 50m2 apartment with balcony,€1499,Paris Buttes Chaumont- Rue Compans,https://paris.craigslist.org/apa/d/furnished-50m2-apartment-with-balcony/6793045176.html,,
- Studio - 13m2,€750,Paris Bastille - Rue de Charonne,https://paris.craigslist.org/apa/d/studio-13m2/6793030721.html,,
Apartment:  in the heart of the 14th district!,€1299,Paris Pernety - Rue de la Sabliere,https://paris.craigslist.org/apa/d/apartment-in-the-heart-of-the-14th/6793041953.html,,
- Studio - with a large terrace !,€800,Paris Passy - Rue Benjamin Franklin,https://paris.craigslist.org/apa/d/studio-with-large-terrace/6793032226.html,,
Calm and sunny fully furnished apartment**,€1299,Paris Marcadet Poissonieres Rue Marcadet,https://paris.craigslist.org/apa/d/calm-and-sunny-fully-furnished-apartment/6793038798.html,,
- 1 Bedroom- 35m2  *fully furnished**,€1050,Paris Montmartre - Rue Labat,https://paris.craigslist.org/apa/d/1-bedroom-35m2-fully-furnished/6793034000.html,,
A 24 sqm studio in Montmartre!,€1090,Paris Abbesses - Rue Durantin,https://paris.craigslist.org/apa/d/24-sqm-studio-in-montmartre/6793034833.html,,
Paris duplex apartment rental near Les Halles,€990,2nd arrondissement,https://paris.craigslist.org/apa/d/paris-duplex-apartment-rental-near-les/6793015278.html,18,
"1BR (26sqm), Rue des Roses",€900,18th arrondissement,https://paris.craigslist.org/apa/d/1br-26sqm-rue-des-roses/6793015674.html,26,
House à Place d'Italie,€1650,13ème arrondissement,https://paris.craigslist.org/apa/d/house-place-ditalie/6793015422.html,60,
Furnished 2BR apartment (46sqm) rue Berzélius,€1550,Paris 17th arrondissement,https://paris.craigslist.org/apa/d/furnished-2br-apartment-46sqm-rue/6793015512.html,46,
Charming appartment in northwest Paris,€950,near Place de Clichy,https://paris.craigslist.org/apa/d/charming-appartment-in-northwest-paris/6793013901.html,30,1
Studio Avenue Georges Mandel,€1450,16ème  arrondissement,https://paris.craigslist.org/apa/d/studio-avenue-georges-mandel/6792412281.html,36,
Studio rue de Richelieu,€900,2ème arrondissement,https://paris.craigslist.org/apa/d/studio-rue-de-richelieu/6792414098.html,18,
BEAUTIFUL MONTMARTE/LGE 1 BED/JUST RENOVATED,€900,,https://paris.craigslist.org/apa/d/beautiful-montmarte-lge-1-bed-just/6792365103.html,,1
BEAUTIFUL MONTMARTE/LGE 1 BED/JUST RENOVATED,€900,MONTMARTRE,https://paris.craigslist.org/apa/d/beautiful-montmarte-lge-1-bed-just/6792378696.html,,1
Seventh floor 1 bedroom apartment with elevator and balcony!,€2299,Paris Wagram - Rue Philibert Delorme,https://paris.craigslist.org/apa/d/seventh-floor-1-bedroom-apartment-with/6792256437.html,,
Sunny fully-furnished 1-bedroom flat in 18th arrondissement,€1450,Paris Marcadet Poissoniers - Rue Marcadet -,https://paris.craigslist.org/apa/d/sunny-fully-furnished-1-bedroom-flat-in/6792224721.html,,
Large one bedroom 70m2 apartment on the second floor,€2575,Paris Voltaire - Avenue Parmentier,https://paris.craigslist.org/apa/d/large-one-bedroom-70m2-apartment-on-the/6792258793.html,,
- Studio - One block from metro Rambuteau**,€1699,Paris Marais - Rue des Haudriettes,https://paris.craigslist.org/apa/d/studio-one-block-from-metro-rambuteau/6792245043.html,,
Apartment! well located in the Marais close to Bastille!,€1590,Paris Bastille Marais - Bd Richard Lenoir-,https://paris.craigslist.org/apa/d/apartment-well-located-in-the-marais/6792241976.html,,
- 70m2/ Stylish and modern rooftop apartment,€1950,Paris Rambuteau - Rue St Martin,https://paris.craigslist.org/apa/d/70m2-stylish-and-modern-rooftop/6792253999.html,,
Apartment {with plenty of storage},€1850,North-West St Cloud - Residence Beausoleil,https://paris.craigslist.org/apa/d/apartment-with-plenty-of-storage/6792252225.html,,
Renovated Apartment: 1 Bedroom - 43m2,€1599,Paris Censier Daubenton - Rue du Fer a Moulin,https://paris.craigslist.org/apa/d/renovated-apartment-1-bedroom-43m2/6792243555.html,,
- 1 Bedroom -apartment adjacent to Metro Cambronne,€1550,Paris Cambronne - Villa Croix Nivert,https://paris.craigslist.org/apa/d/1-bedroom-apartment-adjacent-to-metro/6792239944.html,,
- 1 Bedroom - in the prestigious 16th district of Paris!,€1499,Paris Victor Hugo - Rue Lauriston,https://paris.craigslist.org/apa/d/1-bedroom-in-the-prestigious-16th/6792238342.html,,
- Studio - with a large terrace!,€800,Paris Passy - Rue Benjamin Franklin,https://paris.craigslist.org/apa/d/studio-with-large-terrace/6792202987.html,,
Apartment! between Republique and Belleville.!,€1299,Paris Goncourt - Rue Arthur Groussier,https://paris.craigslist.org/apa/d/apartment-between-republique-and/6792219560.html,,
Furnished 50m2 apartment with balcony,€1499,Paris Buttes Chaumont- Rue Compans,https://paris.craigslist.org/apa/d/furnished-50m2-apartment-with-balcony/6792230896.html,,
Sixth floor apartment with elevator,€810,Paris Javel - Rue des Bergers,https://paris.craigslist.org/apa/d/sixth-floor-apartment-with-elevator/6792204452.html,,
- Studio - With natural light**,€1100,Paris Avenue la Motte Piquet - Boulevard Grenelle,https://paris.craigslist.org/apa/d/studio-with-natural-light/6792214365.html,,
Calm and sunny fully furnished apartment,€1299,Paris Marcadet Poissonieres Rue Marcadet,https://paris.craigslist.org/apa/d/calm-and-sunny-fully-furnished-apartment/6792217038.html,,
Apartment  in the heart of the 14th district close to Pernety !,€1299,Paris Pernety - Rue de la Sabliere,https://paris.craigslist.org/apa/d/apartment-in-the-heart-of-the-14th/6792222652.html,,
A 24 sqm studio in Montmartre!,€1090,Paris Abbesses - Rue Durantin,https://paris.craigslist.org/apa/d/24-sqm-studio-in-montmartre/6792210623.html,,1
One bedroom apartment fully furnished,€1050,Paris Montmartre - Rue Labat-,https://paris.craigslist.org/apa/d/one-bedroom-apartment-fully-furnished/6792205888.html,,
Charming and quiet studio,€1099,Paris Glaciere - Rue des Tanneries,https://paris.craigslist.org/apa/d/charming-and-quiet-studio/6792212366.html,,
Compact Studio - 13m2** Available!,€750,Paris Bastille - Rue de Charonne,https://paris.craigslist.org/apa/d/compact-studio-13m2-available/6792201770.html,,
Studio pour trois personnes,€450,Rue Louise Michel,https://paris.craigslist.org/apa/d/studio-pour-trois-personnes/6792184456.html,30,1
Paris apartment rental near Martyrs,€1800,,https://paris.craigslist.org/apa/d/paris-apartment-rental-near-martyrs/6792182934.html,63,
Appartement à Grands Boulevards,€1250,10ème arrondissement,https://paris.craigslist.org/apa/d/appartement-grands-boulevards/6792183077.html,46,
"Appartement 2 chambres, Rue Custine",€1990,18ème arrondissement,https://paris.craigslist.org/apa/d/appartement-2-chambres-rue-custine/6792183312.html,57,
Studio Luxueux Aux Buttes Chaumont,€500,Rue Manin,https://paris.craigslist.org/apa/d/studio-luxueux-aux-buttes-chaumont/6779389941.html,27,1
Lovely Apartment In Paris,€450,Passage Thiéré,https://paris.craigslist.org/apa/d/lovely-apartment-in-paris/6787380333.html,13,1
Nice and spacious stuido apartment availabe at 7th Arrondissement,€400,7th Arrondissement,https://paris.craigslist.org/apa/d/nice-and-spacious-stuido-apartment/6792163284.html,,1
"Charming studio with wifi, Paris (2019-2020).",€950,Butte aux Cailles,https://paris.craigslist.org/apa/d/charming-studio-with-wifi-paris/6792165267.html,16,1
Paris apartment rental near Dupleix,€3495,,https://paris.craigslist.org/apa/d/paris-apartment-rental-near-dupleix/6792153823.html,107,
Paris apartment rental near Invalides,€2100,7th arrondissement,https://paris.craigslist.org/apa/d/paris-apartment-rental-near-invalides/6792153927.html,58,
Studio rue de Richelieu,€900,2ème arrondissement,https://paris.craigslist.org/apa/d/studio-rue-de-richelieu/6792154162.html,18,
Appartement à Quartier Latin à Paris,€4000,,https://paris.craigslist.org/apa/d/appartement-quartier-latin-paris/6792154089.html,95,
Studio Paris,€990,,https://paris.craigslist.org/apa/d/studio-paris/6792143871.html,,1
Studio Luxueux Aux Buttes Chaumont,€500,Rue Manin,https://paris.craigslist.org/apa/d/studio-luxueux-aux-buttes-chaumont/6778427446.html,27,1
Studio Luxueux Aux Buttes Chaumont,€500,Rue Manin,https://paris.craigslist.org/apa/d/studio-luxueux-aux-buttes-chaumont/6778427365.html,27,1
Lovely Apartment In Paris,€450,Passage Thiéré,https://paris.craigslist.org/apa/d/lovely-apartment-in-paris/6778418358.html,13,1
Lovely Apartment In Paris,€450,Passage Thiéré,https://paris.craigslist.org/apa/d/lovely-apartment-in-paris/6778419624.html,13,1
The Treasury Montmartre - luxury 2 bed Apartment With Wireless Network,€500,Rue Caulaincourt,https://paris.craigslist.org/apa/d/the-treasury-montmartre-luxury-2-bed/6792061808.html,70,1
South of France Vacation Home,€1000,Port Grimaud,https://paris.craigslist.org/apa/d/south-of-france-vacation-home/6774845064.html,,4
Apartment studio near Villiers in Paris,€950,17th arrondissement,https://paris.craigslist.org/apa/d/apartment-studio-near-villiers-in-paris/6791496189.html,23,
Appartement à Grands Boulevards,€1250,10ème arrondissement,https://paris.craigslist.org/apa/d/appartement-grands-boulevards/6791497541.html,46,
- Studio - One block from metro Rambuteau,€1699,Paris Marais - Rue des Haudriettes,https://paris.craigslist.org/apa/d/studio-one-block-from-metro-rambuteau/6791424938.html,,
Totally Furnished Apartment: 1 bedroom - 53m2,€1590,Paris Bastille Marais - Bd Richard Lenoir-,https://paris.craigslist.org/apa/d/totally-furnished-apartment-1-bedroom/6791418899.html,,
- 3 Bedroom  apartment with balcony and view over Paris.-,€2999,North-West St Cloud - Allee Florent Schmitt,https://paris.craigslist.org/apa/d/3-bedroom-apartment-with-balcony-and/6791436175.html,,
70m2/ Stylish and modern rooftop apartment,€1950,Paris Rambuteau - Rue St Martin -,https://paris.craigslist.org/apa/d/70m2-stylish-and-modern-rooftop/6791428893.html,,
Bright Apartment; 1 Bedroom - 43m2,€1599,Paris Censier Daubenton - Rue du Fer a Moulin,https://paris.craigslist.org/apa/d/bright-apartment-1-bedroom-43m2/6791421302.html,,
One bedroom apartment adjacent to Metro Cambronne.,€1550,Paris Cambronne - Villa Croix Nivert,https://paris.craigslist.org/apa/d/one-bedroom-apartment-adjacent-to-metro/6791414809.html,,
Spacious Apartment {1 Bedroom - 36m2},€1499,Paris Victor Hugo - Rue Lauriston,https://paris.craigslist.org/apa/d/spacious-apartment-1-bedroom-36m2/6791412966.html,,
Apartment*  In a quiet residence on the 4th floor with elevator!,€1499,Paris Buttes Chaumont- Rue Compans,https://paris.craigslist.org/apa/d/apartment-in-quiet-residence-on-the-4th/6791408575.html,,
Calm and sunny fully furnished apartment!,€1299,Paris Marcadet Poissonieres Rue Marcadet,https://paris.craigslist.org/apa/d/calm-and-sunny-fully-furnished-apartment/6791402152.html,,
A 24 sqm studio in Montmartre,€1090,Paris Abbesses - Rue Durantin,https://paris.craigslist.org/apa/d/24-sqm-studio-in-montmartre/6791399016.html,,1
Your flat in Paris for a long term stay,,Paris,https://paris.craigslist.org/apa/d/your-flat-in-paris-for-long-term-stay/6791379846.html,,
"Studio mezzanine (21m²), proche Notre-Dame, Quai de la Tournelle",€1250,5ème arrondissement,https://paris.craigslist.org/apa/d/studio-mezzanine-21m-proche-notre-dame/6791378982.html,21,
Paris apartment rental near Madeleine,€3775,1st arrondissement,https://paris.craigslist.org/apa/d/paris-apartment-rental-near-madeleine/6791356969.html,100,
Paris apartment rental near Invalides,€2100,7th arrondissement,https://paris.craigslist.org/apa/d/paris-apartment-rental-near-invalides/6791356168.html,58,
Grand appartement Rue Etienne Marcel,€2700,2ème arrondissement,https://paris.craigslist.org/apa/d/grand-appartement-rue-etienne-marcel/6791356261.html,100,
"Appartement 2 chambres, Rue Custine",€1990,18ème arrondissement,https://paris.craigslist.org/apa/d/appartement-2-chambres-rue-custine/6791356413.html,57,
Elegant Studio apartment heart of Paris,€400,5th arrondissements,https://paris.craigslist.org/apa/d/elegant-studio-apartment-heart-of-paris/6791351978.html,,1
Studio apartment availbale at 1st Arrondissement,€350,1st Arrondissement,https://paris.craigslist.org/apa/d/studio-apartment-availbale-at-1st/6791347102.html,,1
Appartement à Champ de Mars à Paris,€1450,7ème arrondissement,https://paris.craigslist.org/apa/d/appartement-champ-de-mars-paris/6791333815.html,37,
2 pièces 25m² Rue de la Mare,€900,20ème,https://paris.craigslist.org/apa/d/2-pices-25m-rue-de-la-mare/6791333667.html,25,
Appartement à Grands Boulevards,€1250,10ème arrondissement,https://paris.craigslist.org/apa/d/appartement-grands-boulevards/6791333922.html,46,
"1BR (26sqm), Rue des Roses",€900,18th arrondissement,https://paris.craigslist.org/apa/d/1br-26sqm-rue-des-roses/6791333751.html,26,
Lovely Apartment In Paris,€450,Passage Thiéré,https://paris.craigslist.org/apa/d/lovely-apartment-in-paris/6787382135.html,13,1
The Treasury Montmartre - luxury 2 bed Apartment With Wireless Network,€500,Rue Caulaincourt,https://paris.craigslist.org/apa/d/the-treasury-montmartre-luxury-2-bed/6788861123.html,70,1
Paris apartment rental near Dupleix,€3495,,https://paris.craigslist.org/apa/d/paris-apartment-rental-near-dupleix/6791315914.html,107,
Studio Apartment In Rue des Jeuneurs,€550,Paris,https://paris.craigslist.org/apa/d/studio-apartment-in-rue-des-jeuneurs/6781440447.html,15,1
Studio Luxueux Aux Buttes Chaumont,€500,Rue Manin,https://paris.craigslist.org/apa/d/studio-luxueux-aux-buttes-chaumont/6779828626.html,27,1
LOUVRE LOVELY APARTMENT LOCATED IN PARIS,€600,Rue Pierre Lescot,https://paris.craigslist.org/apa/d/louvre-lovely-apartment-located-in-paris/6788868463.html,30,1
Lovely Apartment In Paris,€450,Passage Thiéré,https://paris.craigslist.org/apa/d/lovely-apartment-in-paris/6777548009.html,13,1
Stable Lighty Studio In Molière,€400,Rue Molière,https://paris.craigslist.org/apa/d/stable-lighty-studio-in-molire/6787377729.html,30,1
The Treasury Montmartre - luxury 2 bed Apartment With Wireless Network,€500,Rue Caulaincourt,https://paris.craigslist.org/apa/d/the-treasury-montmartre-luxury-2-bed/6788859835.html,70,1
The Treasury Montmartre - luxury 2 bed Apartment With Wireless Network,€500,Rue Caulaincourt,https://paris.craigslist.org/apa/d/the-treasury-montmartre-luxury-2-bed/6790874791.html,70,1
Lovely Apartment In Paris,€450,Passage Thiéré,https://paris.craigslist.org/apa/d/lovely-apartment-in-paris/6779829368.html,13,1
Lovely Apartment In Paris,€450,Passage Thiéré,https://paris.craigslist.org/apa/d/lovely-apartment-in-paris/6779829371.html,13,1
Stable Lighty Studio In Molière,€400,Rue Molière,https://paris.craigslist.org/apa/d/stable-lighty-studio-in-molire/6788859393.html,30,1
LOUVRE LOVELY APARTMENT LOCATED IN PARIS,€600,Rue Pierre Lescot,https://paris.craigslist.org/apa/d/louvre-lovely-apartment-located-in-paris/6788863089.html,30,1
Stable Lighty Studio In Molière,€400,Rue Molière,https://paris.craigslist.org/apa/d/stable-lighty-studio-in-molire/6788859310.html,30,1
LOUVRE LOVELY APARTMENT LOCATED IN PARIS,€600,Rue Pierre Lescot,https://paris.craigslist.org/apa/d/louvre-lovely-apartment-located-in-paris/6788863070.html,30,1
Studio Apartment In Rue des Jeuneurs,€550,Paris,https://paris.craigslist.org/apa/d/studio-apartment-in-rue-des-jeuneurs/6787382450.html,15,1
Paris apartment rental near Invalides,€2100,7th arrondissement,https://paris.craigslist.org/apa/d/paris-apartment-rental-near-invalides/6790617133.html,58,
"2ème arrondissement, Studio rue de Richelieu",€900,2ème arrondissement,https://paris.craigslist.org/apa/d/2me-arrondissement-studio-rue-de/6790621227.html,18,
Grand appartement Rue Etienne Marcel,€2700,2ème arrondissement,https://paris.craigslist.org/apa/d/grand-appartement-rue-etienne-marcel/6790618543.html,100,
Furnished 2BR apartment (46sqm) rue Berzélius,€1550,Paris 17th arrondissement,https://paris.craigslist.org/apa/d/furnished-2br-apartment-46sqm-rue/6790623574.html,46,
This Beautiful Studio apt available in 7th arrondissement,€450,7th arrondissement,https://paris.craigslist.org/apa/d/this-beautiful-studio-apt-available-in/6790536758.html,,1
Seventh floor 1 bedroom apartment with elevator and balcony,€2299,Paris Wagram - Rue Philibert Delorme,https://paris.craigslist.org/apa/d/seventh-floor-1-bedroom-apartment-with/6790549408.html,,
Apartment in a historic building!,€2575,Paris Voltaire - Avenue Parmentier-,https://paris.craigslist.org/apa/d/apartment-in-historic-building/6790550638.html,,
70m2/ Stylish and modern rooftop apartment,€1950,Paris Rambuteau - Rue St Martin -,https://paris.craigslist.org/apa/d/70m2-stylish-and-modern-rooftop/6790548724.html,,
Apartment in Marais close to Bastille,€1590,Paris Bastille Marais - Bd Richard Lenoir-,https://paris.craigslist.org/apa/d/apartment-in-marais-close-to-bastille/6790542014.html,,
A superb furnished apt studio in Paris,€450,6th Arrondissement,https://paris.craigslist.org/apa/d/superb-furnished-apt-studio-in-paris/6790530233.html,,1
- 2 Bedroom apartment in a very convenient location-,€1850,North-West St Cloud - Residence Beausoleil,https://paris.craigslist.org/apa/d/2-bedroom-apartment-in-very-convenient/6790545787.html,,
Renovated/ Furnished 1 Bedroom - 43m2,€1599,Paris Censier Daubenton - Rue du Fer a Moulin,https://paris.craigslist.org/apa/d/renovated-furnished-1-bedroom-43m2/6790542837.html,,
Furnished 1 Bedroom Apartment @50m2,€1499,Paris Buttes Chaumont- Rue Compans,https://paris.craigslist.org/apa/d/furnished-1-bedroom-apartment-50m2/6790539559.html,,
Gorgeous 1 bed Apartment!,€1550,Paris Cambronne - Villa Croix Nivert,https://paris.craigslist.org/apa/d/gorgeous-1-bed-apartment/6790540793.html,,
Spacious 1 Bedroom Apartment - 36m2,€1499,Paris Victor Hugo - Rue Lauriston,https://paris.craigslist.org/apa/d/spacious-1-bedroom-apartment-36m2/6790540347.html,,
Calm and sunny fully furnished apartment!,€1299,Paris Marcadet Poissonieres Rue Marcadet,https://paris.craigslist.org/apa/d/calm-and-sunny-fully-furnished-apartment/6790537967.html,,
Fully Furnished Studio in the Center of Paris,€650,3 rue de chazelles,https://paris.craigslist.org/apa/d/fully-furnished-studio-in-the-center-of/6790539149.html,11,1
Apartment with balcony and view over Paris,€2999,North-West St Cloud - Allee Florent Schmitt,https://paris.craigslist.org/apa/d/apartment-with-balcony-and-view-over/6790534670.html,,
Great 1 bedroom Apartment!,€1090,Paris Abbesses - Rue Durantin,https://paris.craigslist.org/apa/d/great-1-bedroom-apartment/6790537322.html,,
Paris apartment rental near Madeleine,€3775,1st arrondissement,https://paris.craigslist.org/apa/d/paris-apartment-rental-near-madeleine/6790509837.html,100,
Your flat in Paris for a long term stay,,Paris,https://paris.craigslist.org/apa/d/your-flat-in-paris-for-long-term-stay/6790509909.html,,
2 pièces 25m² Rue de la Mare,€900,20ème,https://paris.craigslist.org/apa/d/2-pices-25m-rue-de-la-mare/6790510069.html,25,
"Paris apartment rental on a quiet street, Villa Verlaine",€1350,,https://paris.craigslist.org/apa/d/paris-apartment-rental-on-quiet-street/6790509655.html,40,
Apartment studio plus mezzanine near Opéra,€1100,9th arrondissement,https://paris.craigslist.org/apa/d/apartment-studio-plus-mezzanine-near/6790453062.html,17,
Gorgeous One bedroom Apt for rent Asap in Paris,€700,,https://paris.craigslist.org/apa/d/gorgeous-one-bedroom-apt-for-rent-asap/6785723464.html,,1
beautiful furnished apt near paris for rent,€900,verrieres le buisson,https://paris.craigslist.org/apa/d/beautiful-furnished-apt-near-paris-for/6789991039.html,50,1
Sunny fully-furnished 1-bedroom flat in 18th arrondissement.,€1450,Paris Marcadet Poissoniers - Rue Marcadet,https://paris.craigslist.org/apa/d/sunny-fully-furnished-1-bedroom-flat-in/6789749975.html,,
- Studio - One block from metro Rambuteau,€1699,Paris Marais - Rue des Haudriettes,https://paris.craigslist.org/apa/d/studio-one-block-from-metro-rambuteau/6789765398.html,,
eventh floor 1 bedroom apartment with elevator and balcony,€2299,Paris Wagram - Rue Philibert Delorme,https://paris.craigslist.org/apa/d/eventh-floor-1-bedroom-apartment-with/6789769357.html,,
"- 2 Bedroom apartment, available!",€2699,Paris Saint Michel - Rue Git le Coeur,https://paris.craigslist.org/apa/d/2-bedroom-apartment-available/6789734577.html,,
Apartment** near^ the Paris center^^2 BR & 2  BATH***,€720,paris,https://paris.craigslist.org/apa/d/apartment-near-the-paris-center2-br-2/6769982145.html,68,2
- 70m2/ Stylish and modern rooftop apartment!,€1950,Paris Rambuteau - Rue St Martin,https://paris.craigslist.org/apa/d/70m2-stylish-and-modern-rooftop/6789768300.html,,
Large one bedroom 70m2 apartment,€2575,Paris Voltaire - Avenue Parmentier-,https://paris.craigslist.org/apa/d/large-one-bedroom-70m2-apartment/6789771132.html,,
Charming and quiet studio in a great 17th century convent,€1099,Paris Glaciere - Rue des Tanneries,https://paris.craigslist.org/apa/d/charming-and-quiet-studio-in-great-17th/6789744902.html,,
Very Bright Apartment!  2 Bedroom - 65m2,€1850,North-West St Cloud - Residence Beausoleil,https://paris.craigslist.org/apa/d/very-bright-apartment-2-bedroom-65m2/6789766581.html,,
Calm and sunny fully furnished apartment!,€1299,Paris Marcadet Poissonieres Rue Marcadet,https://paris.craigslist.org/apa/d/calm-and-sunny-fully-furnished-apartment/6789747816.html,,
Apartment with Parisian experience!,€1650,Paris Pyrenees Rue des Pyrenees,https://paris.craigslist.org/apa/d/apartment-with-parisian-experience/6789763675.html,,
Apartment..renovated and furnished!,€1599,Paris Censier Daubenton - Rue du Fer a Moulin,https://paris.craigslist.org/apa/d/apartmentrenovated-and-furnished/6789761811.html,,
apartment adjacent to Metro Cambronne,€1550,Paris Cambronne - Villa Croix Nivert,https://paris.craigslist.org/apa/d/apartment-adjacent-to-metro-cambronne/6789760017.html,,
- Studio - In a Pleasant building**,€750,Paris Bastille - Rue de Charonne,https://paris.craigslist.org/apa/d/studio-in-pleasant-building/6789736713.html,,
Spacious 1 Bedroom Apartment:,€1499,Paris Victor Hugo - Rue Lauriston,https://paris.craigslist.org/apa/d/spacious-1-bedroom-apartment/6789757965.html,,
Beautiful Apartment: 1 Bedroom- 35m2,€1050,Paris Montmartre - Rue Labat-,https://paris.craigslist.org/apa/d/beautiful-apartment-1-bedroom-35m2/6789741044.html,,
- 1 Bedroom apartment with balcony,€1499,Paris Buttes Chaumont- Rue Compans,https://paris.craigslist.org/apa/d/1-bedroom-apartment-with-balcony/6789754161.html,,
Studio with elevator in perfect condition,€800,Paris Passy - Rue Benjamin Franklin,https://paris.craigslist.org/apa/d/studio-with-elevator-in-perfect/6789738306.html,,
Secure underground parking place.,€60,Paris,https://paris.craigslist.org/apa/d/secure-underground-parking-place/6789735733.html,,
A 24 sqm studio in Montmartre: 1 bed!,€1090,Paris Abbesses - Rue Durantin,https://paris.craigslist.org/apa/d/24-sqm-studio-in-montmartre-1-bed/6789742593.html,,
Beautiful Studio with loft in 3rd Arrondissement,€500,3rd Arrondissement,https://paris.craigslist.org/apa/d/beautiful-studio-with-loft-in-3rd/6789699808.html,,1
Paris apartment rental near Gobelins,€1500,13th arrondissement,https://paris.craigslist.org/apa/d/paris-apartment-rental-near-gobelins/6789699715.html,45,
Amazing studio / Amazing studio in Rue du Temple,€500,4th Arrondissement,https://paris.craigslist.org/apa/d/amazing-studio-amazing-studio-in-rue-du/6789696365.html,,1
Art Deco Studio apt in Abbesses / Montmartre Paris,€900,Abbesses,https://paris.craigslist.org/apa/d/art-deco-studio-apt-in-abbesses/6789687725.html,18,1
Marais - 2 rooms flat of 43M2 to rent from february to May - 1500euros,€1500,Rue de Birague - next to place des Vosges,https://paris.craigslist.org/apa/d/marais-2-rooms-flat-of-43m2-to-rent/6789686869.html,43,1
Apartment near Marais on Rue des Gravilliers,€1100,3rd arrondissement,https://paris.craigslist.org/apa/d/apartment-near-marais-on-rue-des/6789682985.html,25,
Studio à Strasbourg Saint Denis,€850,10ème arrondissement,https://paris.craigslist.org/apa/d/studio-strasbourg-saint-denis/6789683227.html,16,
SUNNY SUBLET:BRIGHT & SPACIOUS  WITH LOVELY VIEW,€1150,metro PARMENTIER,https://paris.craigslist.org/apa/d/sunny-subletbright-spacious-with-lovely/6769901923.html,27,1
Attractive Paris appartment,€950,near Place de Clichy,https://paris.craigslist.org/apa/d/attractive-paris-appartment/6789679917.html,30,1
Studio rue de Richelieu,€900,2ème arrondissement,https://paris.craigslist.org/apa/d/studio-rue-de-richelieu/6789609603.html,18,
Appartement à Quartier Latin à Paris,€4000,,https://paris.craigslist.org/apa/d/appartement-quartier-latin-paris/6789609720.html,95,
Furnished Studio Apartment in heart of Paris,€400,6th Arrondissement,https://paris.craigslist.org/apa/d/furnished-studio-apartment-in-heart-of/6788836553.html,,1
"Appartement 2 chambres, Rue Custine",€1990,18ème arrondissement,https://paris.craigslist.org/apa/d/appartement-2-chambres-rue-custine/6788842833.html,57,
House à Place d'Italie,€1650,13ème arrondissement,https://paris.craigslist.org/apa/d/house-place-ditalie/6788842742.html,60,
Lovely Studio Apt Available in rue du Temple 4th Arrondissement,€500,4th Arrondissement,https://paris.craigslist.org/apa/d/lovely-studio-apt-available-in-rue-du/6788832490.html,,1
"MODERN , CENTRALLY LOCATED 2 BEDROOM",€800,CITY,https://paris.craigslist.org/apa/d/modern-centrally-located-2-bedroom/6767651476.html,,2
Paris apartment rental near Saint-Germain-des-Prés,€1500,6th arrondissement,https://paris.craigslist.org/apa/d/paris-apartment-rental-near-saint/6788821853.html,32,
Your flat in Paris for a long term stay,,Paris,https://paris.craigslist.org/apa/d/your-flat-in-paris-for-long-term-stay/6788821917.html,,
Studio à Strasbourg Saint Denis,€850,10ème arrondissement,https://paris.craigslist.org/apa/d/studio-strasbourg-saint-denis/6788821703.html,16,
"Paris apartment rental on a quiet street, Villa Verlaine",€1350,,https://paris.craigslist.org/apa/d/paris-apartment-rental-on-quiet-street/6788821976.html,40,
"Studio (25sqm), near Buttes Chaumont, Rue Rebeval",€940,Paris 19th,https://paris.craigslist.org/apa/d/studio-25sqm-near-buttes-chaumont-rue/6788821769.html,25,
Appartement à Champ de Mars,€1450,7ème arrondissement,https://paris.craigslist.org/apa/d/appartement-champ-de-mars/6788811838.html,37,
Large one bedroom 70m2 apartment!,€2575,Paris Voltaire - Avenue Parmentier,https://paris.craigslist.org/apa/d/large-one-bedroom-70m2-apartment/6788231608.html,,
Seventh floor 1 bedroom apartment with elevator,€2299,Paris Wagram - Rue Philibert Delorme,https://paris.craigslist.org/apa/d/seventh-floor-1-bedroom-apartment-with/6788227247.html,,
- Studio - One block from metro Rambuteau,€1699,Paris Marais - Rue des Haudriettes,https://paris.craigslist.org/apa/d/studio-one-block-from-metro-rambuteau/6788222545.html,,
Stylish and modern rooftop apartment,€1950,Paris Rambuteau - Rue St Martin,https://paris.craigslist.org/apa/d/stylish-and-modern-rooftop-apartment/6788225898.html,,
Charming 1 bed flat!,€1650,Paris Pyrenees Rue des Pyrenees,https://paris.craigslist.org/apa/d/charming-1-bed-flat/6788221707.html,,
Apartment with plenty of storage space!,€1850,North-West St Cloud - Residence Beausoleil,https://paris.craigslist.org/apa/d/apartment-with-plenty-of-storage-space/6788224481.html,,
Renovated 1 Bedroom Apartment - 43m2,€1599,Paris Censier Daubenton - Rue du Fer a Moulin,https://paris.craigslist.org/apa/d/renovated-1-bedroom-apartment-43m2/6788219919.html,,
- 1 Bedroom apartment adjacent to Metro Cambronne-,€1550,Paris Cambronne - Villa Croix Nivert,https://paris.craigslist.org/apa/d/1-bedroom-apartment-adjacent-to-metro/6788215571.html,,
"""Furnished Apartment"" 1 Bedroom - 50m2",€1499,Paris Buttes Chaumont- Rue Compans,https://paris.craigslist.org/apa/d/furnished-apartment-1-bedroom-50m2/6788212405.html,,
Calm and sunny fully furnished apartment,€1299,Paris Marcadet Poissonieres Rue Marcadet,https://paris.craigslist.org/apa/d/calm-and-sunny-fully-furnished-apartment/6788205725.html,,
Spacious 1 Bedroom Apartment @  36m2,€1499,Paris Victor Hugo - Rue Lauriston,https://paris.craigslist.org/apa/d/spacious-1-bedroom-apartment-36m2/6788214000.html,,
Charming and quiet studio !,€1099,Paris Glaciere - Rue des Tanneries,https://paris.craigslist.org/apa/d/charming-and-quiet-studio/6788202829.html,,
1 Bedroom Apartment** next to Montmartre and Sacré Coeur,€1050,Paris Montmartre - Rue Labat-,https://paris.craigslist.org/apa/d/1-bedroom-apartment-next-to-montmartre/6788200056.html,,
Fully equipped ground floor apartment with loft sleeping area!,€1190,Paris Miromesnil Champs Elysees - Rue la Boetie,https://paris.craigslist.org/apa/d/fully-equipped-ground-floor-apartment/6788204423.html,,
"1BR (26sqm), Rue des Roses",€900,18th arrondissement,https://paris.craigslist.org/apa/d/1br-26sqm-rue-des-roses/6788203151.html,26,
Furnished 2BR apartment (46sqm) rue Berzélius,€1550,Paris 17th arrondissement,https://paris.craigslist.org/apa/d/furnished-2br-apartment-46sqm-rue/6788202667.html,46,
Paris apartment rental near Buttes Chaumont,€1350,,https://paris.craigslist.org/apa/d/paris-apartment-rental-near-buttes/6788202688.html,40,
A 24 sqm studio in Montmartre,€1090,Paris Abbesses - Rue Durantin,https://paris.craigslist.org/apa/d/24-sqm-studio-in-montmartre/6788201422.html,,
All Furnished Studio with a large terrace,€800,Paris Passy - Rue Benjamin Franklin,https://paris.craigslist.org/apa/d/all-furnished-studio-with-large-terrace/6788197493.html,,
Apartment studio near Stalingrad,€1100,,https://paris.craigslist.org/apa/d/apartment-studio-near-stalingrad/6788175014.html,29,
Studio à Strasbourg Saint Denis,€850,10ème arrondissement,https://paris.craigslist.org/apa/d/studio-strasbourg-saint-denis/6788175171.html,16,
Your flat in Paris for a long term stay,,Paris,https://paris.craigslist.org/apa/d/your-flat-in-paris-for-long-term-stay/6788175107.html,,
House à Place d'Italie,€1650,13ème arrondissement,https://paris.craigslist.org/apa/d/house-place-ditalie/6788175065.html,60,
"Studio (25sqm), near Buttes Chaumont, Rue Rebeval",€940,Paris 19th,https://paris.craigslist.org/apa/d/studio-25sqm-near-buttes-chaumont-rue/6788174964.html,25,
"MODERN , CENTRAL LOCATED 2 BEDROOM",€800,PARIS,https://paris.craigslist.org/apa/d/modern-central-located-2-bedroom/6766923709.html,,2
"Appartement 2 chambres, Rue Custine",€1990,18ème,https://paris.craigslist.org/apa/d/appartement-2-chambres-rue-custine/6788159834.html,57,
"Studio mezzanine (21m²), proche Notre-Dame, Quai de la Tournelle",€1250,5ème arrondissement,https://paris.craigslist.org/apa/d/studio-mezzanine-21m-proche-notre-dame/6788159870.html,21,
Big flat rental Paris 11eme (4pieces),€2600,Paris,https://paris.craigslist.org/apa/d/big-flat-rental-paris-11eme-4pieces/6787569256.html,90,3
Location appart moderne 4pieces Paris 11eme,€2600,Place de la Nation,https://paris.craigslist.org/apa/d/location-appart-moderne-4pieces-paris/6787492533.html,90,3
Seventh floor 1 bedroom apartment with elevator and balcony,€2299,Paris Wagram - Rue Philibert Delorme,https://paris.craigslist.org/apa/d/seventh-floor-1-bedroom-apartment-with/6787441506.html,,
Large one bedroom 70m2 apartment,€2575,Paris Voltaire - Avenue Parmentier,https://paris.craigslist.org/apa/d/large-one-bedroom-70m2-apartment/6787442914.html,,
- Stylish and modern rooftop apartment,€1950,Paris Rambuteau - Rue St Martin,https://paris.craigslist.org/apa/d/stylish-and-modern-rooftop-apartment/6787440946.html,,
Bright 2 Bedroom Apartment facing East,€1850,North-West St Cloud - Residence Beausoleil,https://paris.craigslist.org/apa/d/bright-2-bedroom-apartment-facing-east/6787440098.html,,
Equipped Apartment: 1 Bedroom - 40m2,€1650,Paris Pyrenees Rue des Pyrenees -,https://paris.craigslist.org/apa/d/equipped-apartment-1-bedroom-40m2/6787435898.html,,
One bedroom apartment fully furnished!,€1050,Paris Montmartre - Rue Labat,https://paris.craigslist.org/apa/d/one-bedroom-apartment-fully-furnished/6787423712.html,,
Renovated Apartment: 1 Bedroom - 43m2,€1599,Paris Censier Daubenton - Rue du Fer a Moulin -,https://paris.craigslist.org/apa/d/renovated-apartment-1-bedroom-43m2/6787434239.html,,
- 1 Bedroom  apartment adjacent to Metro Cambronne-,€1550,Paris Cambronne - Villa Croix Nivert,https://paris.craigslist.org/apa/d/1-bedroom-apartment-adjacent-to-metro/6787432724.html,,
*Apartment in the prestigious 16th district of Paris*,€1499,Paris Victor Hugo - Rue Lauriston,https://paris.craigslist.org/apa/d/apartment-in-the-prestigious-16th/6787431407.html,,
- 1 Bedroom apartment with balcony-,€1499,Paris Buttes Chaumont- Rue Compans,https://paris.craigslist.org/apa/d/1-bedroom-apartment-with-balcony/6787429894.html,,
Fully equipped ground floor apartment with loft sleeping area,€1190,Paris Miromesnil Champs Elysees - Rue la Boetie,https://paris.craigslist.org/apa/d/fully-equipped-ground-floor-apartment/6787426433.html,,
Charming and quiet studio!,€1099,Paris Glaciere - Rue des Tanneries,https://paris.craigslist.org/apa/d/charming-and-quiet-studio/6787425610.html,,
A 24 sqm studio in Montmartre!,€1090,Paris Abbesses - Rue Durantin,https://paris.craigslist.org/apa/d/24-sqm-studio-in-montmartre/6787424860.html,,
- Perfect Studio - 13m2,€750,Paris Bastille - Rue de Charonne,https://paris.craigslist.org/apa/d/perfect-studio-13m2/6787422094.html,,
Studio with elevator in perfect condition,€800,Paris Passy - Rue Benjamin Franklin,https://paris.craigslist.org/apa/d/studio-with-elevator-in-perfect/6787422996.html,,
"Appartement 2 chambres, Rue Custine",€1990,18ème,https://paris.craigslist.org/apa/d/appartement-2-chambres-rue-custine/6787412427.html,57,
House à Place d'Italie,€1650,13ème arrondissement,https://paris.craigslist.org/apa/d/house-place-ditalie/6787412323.html,60,
Paris apartment rental near Invalides,€2100,7th arrondissement,https://paris.craigslist.org/apa/d/paris-apartment-rental-near-invalides/6787412643.html,58,
Studio à Strasbourg Saint Denis,€850,10ème arrondissement,https://paris.craigslist.org/apa/d/studio-strasbourg-saint-denis/6787405836.html,16,
Furnished 2BR apartment (46sqm) rue Berzélius,€1550,Paris 17th arrondissement,https://paris.craigslist.org/apa/d/furnished-2br-apartment-46sqm-rue/6787405773.html,46,
Paris apartment rental near Buttes Chaumont,€1350,,https://paris.craigslist.org/apa/d/paris-apartment-rental-near-buttes/6787405790.html,40,
"MODERN , CENTRAL LOCATED 2 BEDROOM",€800,PARIS,https://paris.craigslist.org/apa/d/modern-central-located-2-bedroom/6766815431.html,,2
Appartement à La Villette à Paris,€1127,19ème arrondissement,https://paris.craigslist.org/apa/d/appartement-la-villette-paris/6787395193.html,35,
The Treasury Montmartre - luxury 2 bed Apartment With Wireless Network,€500,Rue Caulaincourt,https://paris.craigslist.org/apa/d/the-treasury-montmartre-luxury-2-bed/6787383243.html,70,1
Paris apartment rental near Commerce,€1290,15th arrondissement,https://paris.craigslist.org/apa/d/paris-apartment-rental-near-commerce/6786800398.html,35,
Studio à Strasbourg Saint Denis,€850,10ème arrondissement,https://paris.craigslist.org/apa/d/studio-strasbourg-saint-denis/6786799868.html,16,
Location appartement à Quartier Latin,€4000,,https://paris.craigslist.org/apa/d/location-appartement-quartier-latin/6786793456.html,95,
"1BR (26sqm), Rue des Roses",€900,18th arrondissement,https://paris.craigslist.org/apa/d/1br-26sqm-rue-des-roses/6786793720.html,26,
Apartment in the 6th arrondissement,€2699,Paris Saint Michel - Rue Git le Coeur,https://paris.craigslist.org/apa/d/apartment-in-the-6th-arrondissement/6786599209.html,,
Classic Apartment: 3 Bedroom - 110m2,€4200,Paris Sevres Babylone Bon Marche,https://paris.craigslist.org/apa/d/classic-apartment-3-bedroom-110m2/6786604379.html,,
- 3 Bedroom apartment with balcony and view over Paris,€2999,North-West St Cloud - Allee Florent Schmitt,https://paris.craigslist.org/apa/d/3-bedroom-apartment-with-balcony-and/6786602590.html,,
Stylish and modern rooftop apartment,€1950,Paris Rambuteau - Rue St Martin,https://paris.craigslist.org/apa/d/stylish-and-modern-rooftop-apartment/6786597561.html,,
Two bedroom second floor 65m2 apartment,€1850,North-West St Cloud - Residence Beausoleil,https://paris.craigslist.org/apa/d/two-bedroom-second-floor-65m2-apartment/6786593819.html,,
Perfect Apartment:  1 Bedroom - 40m2,€1650,Paris Pyrenees Rue des Pyrenees,https://paris.craigslist.org/apa/d/perfect-apartment-1-bedroom-40m2/6786589171.html,,
Furnished Apartment: 1 Bedroom - 43m2,€1599,Paris Censier Daubenton - Rue du Fer a Moulin,https://paris.craigslist.org/apa/d/furnished-apartment-1-bedroom-43m2/6786586588.html,,
Apartment!  adjacent to Metro Cambronne,€1550,Paris Cambronne - Villa Croix Nivert,https://paris.craigslist.org/apa/d/apartment-adjacent-to-metro-cambronne/6786585109.html,,
Spacious 1 Bedroom Apartment - 36m2,€1499,Paris Victor Hugo - Rue Lauriston,https://paris.craigslist.org/apa/d/spacious-1-bedroom-apartment-36m2/6786582686.html,,
Furnished Apartment: 1 Bedroom - 50m2,€1499,Paris Buttes Chaumont- Rue Compans,https://paris.craigslist.org/apa/d/furnished-apartment-1-bedroom-50m2/6786581533.html,,
Charming and quiet studio,€1099,Paris Glaciere - Rue des Tanneries,https://paris.craigslist.org/apa/d/charming-and-quiet-studio/6786574782.html,,
Fully equipped ground floor apartment with loft sleeping area,€1190,Paris Miromesnil Champs Elysees - Rue la Boetie,https://paris.craigslist.org/apa/d/fully-equipped-ground-floor-apartment/6786575849.html,,
Studio with elevator in perfect condition,€800,Paris Passy - Rue Benjamin Franklin,https://paris.craigslist.org/apa/d/studio-with-elevator-in-perfect/6786572676.html,,
Compact Studio - 13m2,€750,Paris Bastille - Rue de Charonne -,https://paris.craigslist.org/apa/d/compact-studio-13m2/6786570067.html,,
A 24 sqm studio in Montmartre,€1090,Paris Abbesses - Rue Durantin,https://paris.craigslist.org/apa/d/24-sqm-studio-in-montmartre/6786574031.html,,
Appartement à Champ de Mars,€1450,7ème arrondissement,https://paris.craigslist.org/apa/d/appartement-champ-de-mars/6786559118.html,37,
"Appartement 2 chambres, Rue Custine",€1990,18ème arrondissement,https://paris.craigslist.org/apa/d/appartement-2-chambres-rue-custine/6786559198.html,57,
Elegant Studio apartment heart of Paris,€400,5th arrondissements,https://paris.craigslist.org/apa/d/elegant-studio-apartment-heart-of-paris/6786555965.html,,1
Studio apartment availbale at 1st Arrondissement,€350,1st Arrondissement,https://paris.craigslist.org/apa/d/studio-apartment-availbale-at-1st/6786551437.html,,1
"MODERN , CENTRAL LOCATED 2 BEDROOM",€800,PARIS,https://paris.craigslist.org/apa/d/modern-central-located-2-bedroom/6766006005.html,,2
Studio caractère au pied de la Butte,€600,71 Rue Clignancourt,https://paris.craigslist.org/apa/d/studio-caractre-au-pied-de-la-butte/6786545030.html,,1
Fully furnished studio for rent in a prime location,€750,"Marais, Hotel de Ville",https://paris.craigslist.org/apa/d/fully-furnished-studio-for-rent-in/6765255826.html,,
House à Place d'Italie,€1650,13ème arrondissement,https://paris.craigslist.org/apa/d/house-place-ditalie/6786538717.html,60,
Paris apartment rental near Dupleix,€3495,,https://paris.craigslist.org/apa/d/paris-apartment-rental-near-dupleix/6786538841.html,107,
Appartement à La Villette à Paris,€1127,19ème arrondissement,https://paris.craigslist.org/apa/d/appartement-la-villette-paris/6786538512.html,35,
Appartement à Quartier Latin à Paris,€4000,,https://paris.craigslist.org/apa/d/appartement-quartier-latin-paris/6786538449.html,95,
Your flat in Paris for a long term stay,,Paris,https://paris.craigslist.org/apa/d/your-flat-in-paris-for-long-term-stay/6786521830.html,,
50m2 - Large&Charming Studio-Central Paris / Montparnasse Station (Mon,€1490,Montparnasse,https://paris.craigslist.org/apa/d/50m2-largecharming-studio-central-paris/6786216236.html,50,
This Beautiful Studio apt available in 7th arrondissement,€450,7th arrondissement,https://paris.craigslist.org/apa/d/this-beautiful-studio-apt-available-in/6786084833.html,,1
A superb furnished apt studio in Paris,€450,6th Arrondissement,https://paris.craigslist.org/apa/d/superb-furnished-apt-studio-in-paris/6786052416.html,,1
LARGE STUDIO  for rent,€900,MONTMARTRE   PARIS,https://paris.craigslist.org/apa/d/large-studio-for-rent/6786091467.html,35,
1 bedroom apartment in Paris,€700,Rue du Faubourg Montmartre,https://paris.craigslist.org/apa/d/1-bedroom-apartment-in-paris/6770946783.html,,1
FURNISHED STUDIO APARTMENT WITH BALCONY IN   PARIS,€660,paris,https://paris.craigslist.org/apa/d/furnished-studio-apartment-with-balcony/6767721433.html,57,1
Seventh floor 1 bedroom apartment with elevator and balcony,€2299,Paris Wagram - Rue Philibert Delorme,https://paris.craigslist.org/apa/d/seventh-floor-1-bedroom-apartment-with/6785751355.html,,
Large one bedroom 70m2 apartment,€2575,Paris Voltaire - Avenue Parmentier-,https://paris.craigslist.org/apa/d/large-one-bedroom-70m2-apartment/6785754842.html,,
- Stylish and modern rooftop apartment,€1950,Paris Rambuteau - Rue St Martin,https://paris.craigslist.org/apa/d/stylish-and-modern-rooftop-apartment/6785749800.html,,
Apartment (balconies facing garden),€1850,North-West St Cloud - Residence Beausoleil,https://paris.craigslist.org/apa/d/apartment-balconies-facing-garden/6785748187.html,,
Carefully design apartment! 1 Bedroom - 40m2,€1650,Paris Pyrenees Rue des Pyrenees -,https://paris.craigslist.org/apa/d/carefully-design-apartment-1-bedroom/6785744844.html,,
Furnished/ Renovated - 1 Bedroom Apartment-,€1599,Paris Censier Daubenton - Rue du Fer a Moulin,https://paris.craigslist.org/apa/d/furnished-renovated-1-bedroom-apartment/6785744065.html,,
*Apartment apartment adjacent to Metro Cambronne*,€1550,Paris Cambronne - Villa Croix Nivert,https://paris.craigslist.org/apa/d/apartment-apartment-adjacent-to-metro/6785743122.html,,
Apartment;Situated in the in the prestigious 16th district of Paris,€1499,Paris Victor Hugo - Rue Lauriston,https://paris.craigslist.org/apa/d/apartmentsituated-in-the-in-the/6785740925.html,,
Fully Furnished Apartment *1 Bedroom*,€1499,Paris Buttes Chaumont- Rue Compans,https://paris.craigslist.org/apa/d/fully-furnished-apartment-1-bedroom/6785740275.html,,
"1BR (26sqm), Rue des Roses",€900,18th arrondissement,https://paris.craigslist.org/apa/d/1br-26sqm-rue-des-roses/6785734013.html,26,
Paris apartment rental near Invalides,€2100,7th arrondissement,https://paris.craigslist.org/apa/d/paris-apartment-rental-near-invalides/6785729667.html,58,
Studio with elevator in perfect condition,€800,Paris Passy - Rue Benjamin Franklin,https://paris.craigslist.org/apa/d/studio-with-elevator-in-perfect/6785731656.html,,
A 24 sqm studio in Montmartre,€1090,Paris Abbesses - Rue Durantin,https://paris.craigslist.org/apa/d/24-sqm-studio-in-montmartre/6785733760.html,,
Apartment near Marais on Rue des Gravilliers,€1100,3rd arrondissement,https://paris.craigslist.org/apa/d/apartment-near-marais-on-rue-des/6785729321.html,25,
Appartement à Champ de Mars,€1450,7ème arrondissement,https://paris.craigslist.org/apa/d/appartement-champ-de-mars/6785729091.html,37,
"Chabrol : spacious loft, topfloor with elevator",€1280,"PARIS 10th, France",https://paris.craigslist.org/apa/d/chabrol-spacious-loft-topfloor-with/6766094044.html,50,
"2ème arrondissement, Studio rue de Richelieu",€900,2ème arrondissement,https://paris.craigslist.org/apa/d/2me-arrondissement-studio-rue-de/6785729201.html,18,
Beautiful Studio with loft in 3rd Arrondissement,€500,3rd Arrondissement,https://paris.craigslist.org/apa/d/beautiful-studio-with-loft-in-3rd/6785722520.html,,1
Amazing studio / Amazing studio in Rue du Temple,€500,4th Arrondissement,https://paris.craigslist.org/apa/d/amazing-studio-amazing-studio-in-rue-du/6785716920.html,,1
Paris apartment rental near Madeleine,€3775,1st arrondissement,https://paris.craigslist.org/apa/d/paris-apartment-rental-near-madeleine/6785704338.html,100,
"Paris apartment rental on a quiet street, Villa Verlaine",€1350,,https://paris.craigslist.org/apa/d/paris-apartment-rental-on-quiet-street/6785704620.html,40,
A cosy apartment for rent,€650,,https://paris.craigslist.org/apa/d/cosy-apartment-for-rent/6775560523.html,,1
STUDIO for student in PARIS 17th,€680,Arc Triomphe,https://paris.craigslist.org/apa/d/studio-for-student-in-paris-17th/6785041030.html,11,1
Two-room apartment  / Deux pièces (F2) meublé Pantin métro Hoche,€900,pantin,https://paris.craigslist.org/apa/d/two-room-apartment-deux-pices-f2-meubl/6785084665.html,34,
"2ème arrondissement, Studio rue de Richelieu",€900,2ème arrondissement,https://paris.craigslist.org/apa/d/2me-arrondissement-studio-rue-de/6784939812.html,18,
Furnished Studio Apartment in heart of Paris,€400,6th Arrondissement,https://paris.craigslist.org/apa/d/furnished-studio-apartment-in-heart-of/6784886592.html,,1
Lovely Studio Apt Available in rue du Temple 4th Arrondissement,€500,4th Arrondissement,https://paris.craigslist.org/apa/d/lovely-studio-apt-available-in-rue-du/6784882187.html,,1
"1BR (26sqm), Rue des Roses",€900,18th arrondissement,https://paris.craigslist.org/apa/d/1br-26sqm-rue-des-roses/6784878022.html,26,
"4th district, Studio Rue St Louis en l' Ile",€1300,4th arrondissement,https://paris.craigslist.org/apa/d/4th-district-studio-rue-st-louis-en-ile/6784877932.html,,
......For Short and Long term rent,€400,rue du Faubourg du Temple,https://paris.craigslist.org/apa/d/for-short-and-long-term-rent/6763434867.html,,1
Spacious & Classic 3 Bedroom - 110m2,€4200,Paris Sevres Babylone Bon Marche,https://paris.craigslist.org/apa/d/spacious-classic-3-bedroom-110m2/6784863232.html,,
Furnished 2 rooms last floor w. elevator,€900,6th - Montparnasse,https://paris.craigslist.org/apa/d/furnished-2-rooms-last-floor-elevator/6770120506.html,,1
Perfect 2 Bedroom Apartment- 68m2,€2699,Paris Saint Michel - Rue Git le Coeur,https://paris.craigslist.org/apa/d/perfect-2-bedroom-apartment-68m2/6784862710.html,,
Large one bedroom 70m2 apartment,€2575,Paris Voltaire - Avenue Parmentier,https://paris.craigslist.org/apa/d/large-one-bedroom-70m2-apartment/6784862183.html,,
3 Bedroom apartment with balcony and view over Paris.,€2999,North-West St Cloud - Allee Florent Schmitt -,https://paris.craigslist.org/apa/d/3-bedroom-apartment-with-balcony-and/6784863008.html,,
Seventh floor 1 bedroom apartment with elevator and balcony,€2299,Paris Wagram - Rue Philibert Delorme,https://paris.craigslist.org/apa/d/seventh-floor-1-bedroom-apartment-with/6784861814.html,,
- 70m2.. Stylish and modern rooftop apartment,€1950,Paris Rambuteau - Rue St Martin,https://paris.craigslist.org/apa/d/70m2-stylish-and-modern-rooftop/6784861674.html,,
- Studio -One block from metro Rambuteau,€1699,Paris Marais - Rue des Haudriettes,https://paris.craigslist.org/apa/d/studio-one-block-from-metro-rambuteau/6784858820.html,,
Two bedroom second floor 65m2 apartment,€1850,North-West St Cloud - Residence Beausoleil,https://paris.craigslist.org/apa/d/two-bedroom-second-floor-65m2-apartment/6784859515.html,,
5th Floor Apartment (1 Bedroom ),€1475,Paris Reaumur - Sebastopol- Rue St Denis,https://paris.craigslist.org/apa/d/5th-floor-apartment-1-bedroom/6784856016.html,,
Beautiful Apartment **  1 Bedroom - 40m2,€1650,Paris Pyrenees Rue des Pyrenees -,https://paris.craigslist.org/apa/d/beautiful-apartment-1-bedroom-40m2/6784858447.html,,
Furnished Apartment** 1 bed!,€1599,Paris Censier Daubenton - Rue du Fer a Moulin,https://paris.craigslist.org/apa/d/furnished-apartment-1-bed/6784858120.html,,
1 Bedroom Apartment!,€1550,Paris Cambronne - Villa Croix Nivert -,https://paris.craigslist.org/apa/d/1-bedroom-apartment/6784857720.html,,
Spacious 1 Bedroom Apartment - 36m2,€1499,Paris Victor Hugo - Rue Lauriston,https://paris.craigslist.org/apa/d/spacious-1-bedroom-apartment-36m2/6784857343.html,,
Sunny fully-furnished 1-bedroom flat in 18th arrondissement.,€1450,Paris Marcadet Poissoniers - Rue Marcadet -,https://paris.craigslist.org/apa/d/sunny-fully-furnished-1-bedroom-flat-in/6784855473.html,,
Furnished 1 Bedroom Apartment - 50m2,€1499,Paris Buttes Chaumont- Rue Compans,https://paris.craigslist.org/apa/d/furnished-1-bedroom-apartment-50m2/6784856960.html,,
Stunning Apartment **1 Bedroom- 35m2,€1050,Paris Montmartre - Rue Labat-,https://paris.craigslist.org/apa/d/stunning-apartment-1-bedroom-35m2/6784852375.html,,
Charming and quiet studio!,€1099,Paris Glaciere - Rue des Tanneries,https://paris.craigslist.org/apa/d/charming-and-quiet-studio/6784853329.html,,
- Studio with hardwood floors - 13m2,€750,Paris Bastille - Rue de Charonne,https://paris.craigslist.org/apa/d/studio-with-hardwood-floors-13m2/6784851184.html,,
Apartment near the Champs Elysées!,€1190,Paris Miromesnil Champs Elysees - Rue la Boetie,https://paris.craigslist.org/apa/d/apartment-near-the-champs-elyses/6784854102.html,,
Calm and sunny fully furnished apartment !,€1299,Paris Marcadet Poissonieres Rue Marcadet,https://paris.craigslist.org/apa/d/calm-and-sunny-fully-furnished/6784854753.html,,
- Perfect Studio Apartment - 15m2,€800,Paris Passy - Rue Benjamin Franklin,https://paris.craigslist.org/apa/d/perfect-studio-apartment-15m2/6784851919.html,,
A 24 sqm studio in Montmartre,€1090,Paris Abbesses - Rue Durantin,https://paris.craigslist.org/apa/d/24-sqm-studio-in-montmartre/6784852853.html,,
"MODERN , CENTRAL LOCATED 2 BEDROOM",€800,PARIS,https://paris.craigslist.org/apa/d/modern-central-located-2-bedroom/6766816207.html,,2
Furnished 2BR apartment (46sqm) rue Berzélius,€1550,Paris 17th arrondissement,https://paris.craigslist.org/apa/d/furnished-2br-apartment-46sqm-rue/6784352128.html,46,
Studio Apartment In Rue des Jeuneurs,€550,Paris,https://paris.craigslist.org/apa/d/studio-apartment-in-rue-des-jeuneurs/6781441520.html,15,1
Apartment near Marais on Rue des Gravilliers,€1100,3rd arrondissement,https://paris.craigslist.org/apa/d/apartment-near-marais-on-rue-des/6784298851.html,25,
Your flat in Paris for a long term stay,,Paris,https://paris.craigslist.org/apa/d/your-flat-in-paris-for-long-term-stay/6784298883.html,,
House à Place d'Italie,€1650,13ème arrondissement,https://paris.craigslist.org/apa/d/house-place-ditalie/6784298780.html,60,
Appartement à Champ de Mars,€1450,7ème arrondissement,https://paris.craigslist.org/apa/d/appartement-champ-de-mars/6784285425.html,37,
Paris apartment rental near Madeleine,€3775,1st arrondissement,https://paris.craigslist.org/apa/d/paris-apartment-rental-near-madeleine/6784285318.html,100,
"Studio (25sqm), near Buttes Chaumont, Rue Rebeval",€940,Paris 19th,https://paris.craigslist.org/apa/d/studio-25sqm-near-buttes-chaumont-rue/6784285464.html,25,
"SUPERB, NEWLY & EXTREMELY FURNISHED 1-BEDROOM APARTMENT FOR RENT!!!",€700,PARIS,https://paris.craigslist.org/apa/d/superb-newly-extremely-furnished-1/6763765007.html,,1
AVAILABLE NOW! Stunning Furnished 2BR in Etoile,€2200,VINGT Paris - Your Local Agent in Paris,https://paris.craigslist.org/apa/d/available-now-stunning-furnished-2br-in/6783783299.html,61,2
AVAILABLE NOW! Furnished 1BR in Etoile,€1990,VINGT Paris - Your Local Agent in Paris,https://paris.craigslist.org/apa/d/available-now-furnished-1br-in-etoile/6783774445.html,49,1
AVAILABLE NOW! Gorgeous Furnished 3BR in Etoile,€6350,VINGT Paris - Your Local Agent in Paris,https://paris.craigslist.org/apa/d/available-now-gorgeous-furnished-3br-in/6783755899.html,132,3
AVAILABLE NOW! Stunning Furnished 2BR in Canal Saint Martin,€2900,VINGT Paris - Your Local Agent in Paris,https://paris.craigslist.org/apa/d/available-now-stunning-furnished-2br-in/6783731054.html,73,2
AVAILABLE NOW! Stunning Furnished 2BR in Etoile,€15554,VINGT Paris - Your Local Agent in Paris,https://paris.craigslist.org/apa/d/available-now-stunning-furnished-2br-in/6783729917.html,192,2
"3 pièces (45m²), au cœur du Marais, Rue Saint Antoine",€1800,Paris 4e,https://paris.craigslist.org/apa/d/3-pices-45m-au-cur-du-marais-rue-saint/6783720567.html,45,
Grand 2 pièces de 50sqm rue d'Hauteville,€1800,10ème arrondissement,https://paris.craigslist.org/apa/d/grand-2-pices-de-50sqm-rue-dhauteville/6783720306.html,50,
"Appartement 2 chambres, Rue Custine",€1990,18ème arrondissement,https://paris.craigslist.org/apa/d/appartement-2-chambres-rue-custine/6783720149.html,57,
1043 1 Bedroom Apartment in  Versailles,€1043,Versailles,https://paris.craigslist.org/apa/d/bedroom-apartment-in-versailles/6783716510.html,,1
Appartement à La Villette à Paris,€1127,19ème arrondissement,https://paris.craigslist.org/apa/d/appartement-la-villette-paris/6783703239.html,35,
Appartement à Champ de Mars,€1450,7ème arrondissement,https://paris.craigslist.org/apa/d/appartement-champ-de-mars/6783703395.html,37,
Appartement à Quartier Latin à Paris,€4000,,https://paris.craigslist.org/apa/d/appartement-quartier-latin-paris/6783703297.html,95,
Apartment studio near Marais in Paris,€960,4th arrondissement,https://paris.craigslist.org/apa/d/apartment-studio-near-marais-in-paris/6783703342.html,21,
Cosy spacious 1 BR apartment near Arc de Triomphe / Champs Elysees,€1950,"Paris 17th, France",https://paris.craigslist.org/apa/d/cosy-spacious-1-br-apartment-near-arc/6766095136.html,53,1
Appartement à Quartier Latin à Paris,€4000,,https://paris.craigslist.org/apa/d/appartement-quartier-latin-paris/6783143507.html,95,
"Paris apartment rental on a quiet street, Villa Verlaine",€1350,,https://paris.craigslist.org/apa/d/paris-apartment-rental-on-quiet-street/6783143896.html,40,
Apartment studio near Stalingrad,€1100,,https://paris.craigslist.org/apa/d/apartment-studio-near-stalingrad/6783143682.html,29,
For Short and Long term rent,€400,rue du Faubourg du Temple,https://paris.craigslist.org/apa/d/for-short-and-long-term-rent/6763434888.html,,1
Appartement à Champ de Mars,€1450,7ème arrondissement,https://paris.craigslist.org/apa/d/appartement-champ-de-mars/6783125670.html,37,
Paris apartment rental near Mirabeau,€2795,16th arrondissement,https://paris.craigslist.org/apa/d/paris-apartment-rental-near-mirabeau/6783125762.html,70,
"2ème arrondissement, Studio rue de Richelieu",€900,2ème arrondissement,https://paris.craigslist.org/apa/d/2me-arrondissement-studio-rue-de/6783125724.html,18,
"Appartement 2 chambres, Rue Custine",€1990,18ème arrondissement,https://paris.craigslist.org/apa/d/appartement-2-chambres-rue-custine/6783125809.html,57,
Spacious 1 Bedroom Apartment - 36m2,€1499,Paris Victor Hugo - Rue Lauriston,https://paris.craigslist.org/apa/d/spacious-1-bedroom-apartment-36m2/6783115344.html,,
Furnished 1 Bedroom Apartment - 43m2,€1599,Paris Censier Daubenton - Rue du Fer a Moulin,https://paris.craigslist.org/apa/d/furnished-1-bedroom-apartment-43m2/6783117044.html,,
Furnished apartment with balcony*,€1499,Paris Buttes Chaumont- Rue Compans,https://paris.craigslist.org/apa/d/furnished-apartment-with-balcony/6783114934.html,,
- 1 Bedroom apartment adjacent to Metro Cambronne-,€1550,Paris Cambronne - Villa Croix Nivert,https://paris.craigslist.org/apa/d/1-bedroom-apartment-adjacent-to-metro/6783115801.html,,
Charming and quiet studio in a great 17th century convent,€1099,Paris Glaciere - Rue des Tanneries,https://paris.craigslist.org/apa/d/charming-and-quiet-studio-in-great-17th/6783112415.html,,
Secure underground parking place.,€60,Paris,https://paris.craigslist.org/apa/d/secure-underground-parking-place/6783110082.html,,
LOUVRE LOVELY APARTMENT LOCATED IN PARIS,€600,Rue Pierre Lescot,https://paris.craigslist.org/apa/d/louvre-lovely-apartment-located-in-paris/6762698806.html,30,1
The Treasury Montmartre - luxury 2 bed Apartment With Wireless Network,€700,Rue Caulaincourt,https://paris.craigslist.org/apa/d/the-treasury-montmartre-luxury-2-bed/6762702064.html,70,1
Studio Luxueux Aux Buttes Chaumont,€500,Rue Manin,https://paris.craigslist.org/apa/d/studio-luxueux-aux-buttes-chaumont/6778434832.html,27,1
Studio Luxueux Aux Buttes Chaumont,€500,Rue Manin,https://paris.craigslist.org/apa/d/studio-luxueux-aux-buttes-chaumont/6778435559.html,27,1
Lovely Apartment In Paris,€450,Passage Thiéré,https://paris.craigslist.org/apa/d/lovely-apartment-in-paris/6778416622.html,13,1
Lovely Apartment In Paris,€450,Passage Thiéré,https://paris.craigslist.org/apa/d/lovely-apartment-in-paris/6778415917.html,13,1
The Treasury Montmartre - luxury 2 bed Apartment With Wireless Network,€700,Rue Caulaincourt,https://paris.craigslist.org/apa/d/the-treasury-montmartre-luxury-2-bed/6778462304.html,70,1
The Treasury Montmartre - luxury 2 bed Apartment With Wireless Network,€700,Rue Caulaincourt,https://paris.craigslist.org/apa/d/the-treasury-montmartre-luxury-2-bed/6778462742.html,70,1
A 24 sqm studio in Montmartre,€1090,Paris Abbesses - Rue Durantin,https://paris.craigslist.org/apa/d/24-sqm-studio-in-montmartre/6783112024.html,,
Studio Apartment In Rue des Jeuneurs,€550,Paris,https://paris.craigslist.org/apa/d/studio-apartment-in-rue-des-jeuneurs/6777553458.html,15,1
Studio Apartment In Rue des Jeuneurs,€550,Paris,https://paris.craigslist.org/apa/d/studio-apartment-in-rue-des-jeuneurs/6769027525.html,15,1
Studio Apartment In Rue des Jeuneurs,€550,Paris,https://paris.craigslist.org/apa/d/studio-apartment-in-rue-des-jeuneurs/6774504487.html,15,1
LOUVRE LOVELY APARTMENT LOCATED IN PARIS,€600,Rue Pierre Lescot,https://paris.craigslist.org/apa/d/louvre-lovely-apartment-located-in-paris/6778989312.html,30,1
LOUVRE LOVELY APARTMENT LOCATED IN PARIS,€600,Rue Pierre Lescot,https://paris.craigslist.org/apa/d/louvre-lovely-apartment-located-in-paris/6778989394.html,30,1
The Treasury Montmartre - luxury 2 bed Apartment With Wireless Network,€700,Rue Caulaincourt,https://paris.craigslist.org/apa/d/the-treasury-montmartre-luxury-2-bed/6774502015.html,70,1
Studio Luxueux Aux Buttes Chaumont,€500,Rue Manin,https://paris.craigslist.org/apa/d/studio-luxueux-aux-buttes-chaumont/6782716110.html,27,1
Studio Apartment In Rue des Jeuneurs,€550,Paris,https://paris.craigslist.org/apa/d/studio-apartment-in-rue-des-jeuneurs/6782699960.html,15,1
Studio Luxueux Aux Buttes Chaumont,€500,Rue Manin,https://paris.craigslist.org/apa/d/studio-luxueux-aux-buttes-chaumont/6782710165.html,27,1
Apartment Renting Paris Buttes Chaumont,€1200,Metro Jaures,https://paris.craigslist.org/apa/d/apartment-renting-paris-buttes-chaumont/6765342245.html,40,1
Appartement à Champ de Mars,€1450,7ème arrondissement,https://paris.craigslist.org/apa/d/appartement-champ-de-mars/6782585399.html,37,
Large One Bedroom Apartment - 70m2,€2575,Paris Voltaire - Avenue Parmentier,https://paris.craigslist.org/apa/d/large-one-bedroom-apartment-70m2/6782481988.html,,
Studio Apartment In Rue des Jeuneurs,€550,Paris,https://paris.craigslist.org/apa/d/studio-apartment-in-rue-des-jeuneurs/6782480107.html,15,1
Studio Apartment In Rue des Jeuneurs,€550,Paris,https://paris.craigslist.org/apa/d/studio-apartment-in-rue-des-jeuneurs/6782479616.html,15,1
- 70m2/ Stylish and modern rooftop apartment,€1950,Paris Rambuteau - Rue St Martin,https://paris.craigslist.org/apa/d/70m2-stylish-and-modern-rooftop/6782480607.html,,
- 1 Bedroom - 40m2 Available!,€1650,Paris Pyrenees Rue des Pyrenees,https://paris.craigslist.org/apa/d/1-bedroom-40m2-available/6782479013.html,,
Well-Located 2 Bedroom Apartment - 65m2,€1850,North-West St Cloud - Residence Beausoleil,https://paris.craigslist.org/apa/d/well-located-2-bedroom-apartment-65m2/6782479926.html,,
Furnished 1 Bedroom Apartment - 43m2,€1599,Paris Censier Daubenton - Rue du Fer a Moulin,https://paris.craigslist.org/apa/d/furnished-1-bedroom-apartment-43m2/6782478505.html,,
- 1 Bedroom apartment adjacent to Metro Cambronne-,€1550,Paris Cambronne - Villa Croix Nivert,https://paris.craigslist.org/apa/d/1-bedroom-apartment-adjacent-to-metro/6782477843.html,,
Apartment in the prestigious 16th district of Paris,€1499,Paris Victor Hugo - Rue Lauriston,https://paris.craigslist.org/apa/d/apartment-in-the-prestigious-16th/6782477528.html,,
Calm and sunny fully furnished apartment,€1299,Paris Marcadet Poissonieres Rue Marcadet,https://paris.craigslist.org/apa/d/calm-and-sunny-fully-furnished-apartment/6782476053.html,,
Furnished 50m2 apartment with balcony,€1499,Paris Buttes Chaumont- Rue Compans,https://paris.craigslist.org/apa/d/furnished-50m2-apartment-with-balcony/6782477273.html,,
A 24 sqm studio in Montmartre!,€1090,Paris Abbesses - Rue Durantin,https://paris.craigslist.org/apa/d/24-sqm-studio-in-montmartre/6782474818.html,,
Studio Luxueux Aux Buttes Chaumont,€500,Rue Manin,https://paris.craigslist.org/apa/d/studio-luxueux-aux-buttes-chaumont/6782449098.html,27,1
Studio Luxueux Aux Buttes Chaumont,€500,Rue Manin,https://paris.craigslist.org/apa/d/studio-luxueux-aux-buttes-chaumont/6782449082.html,27,1
Studio Luxueux Aux Buttes Chaumont,€500,Rue Manin,https://paris.craigslist.org/apa/d/studio-luxueux-aux-buttes-chaumont/6782448900.html,27,1
"SUPERB, NEWLY & EXTREMELY FURNISHED 1-BEDROOM APARTMENT FOR RENT!!!",€700,PARIS,https://paris.craigslist.org/apa/d/superb-newly-extremely-furnished-1/6762728743.html,,1
Classic 3 Bedroom - 110m2 Apartment!,€4200,Paris Sevres Babylone Bon Marche,https://paris.craigslist.org/apa/d/classic-3-bedroom-110m2-apartment/6781755140.html,,
Seventh floor 1 bedroom apartment with elevator and balcony,€2299,Paris Wagram - Rue Philibert Delorme,https://paris.craigslist.org/apa/d/seventh-floor-1-bedroom-apartment-with/6781747922.html,,
Large one bedroom 70m2 apartment,€2575,Paris Voltaire - Avenue Parmentier-,https://paris.craigslist.org/apa/d/large-one-bedroom-70m2-apartment/6781750177.html,,
- 3 Bedroom apartment with balcony,€2999,North-West St Cloud - Allee Florent Schmitt,https://paris.craigslist.org/apa/d/3-bedroom-apartment-with-balcony/6781753746.html,,
- 70m2 Stylish and modern rooftop apartment,€1950,Paris Rambuteau - Rue St Martin,https://paris.craigslist.org/apa/d/70m2-stylish-and-modern-rooftop/6781746656.html,,
- 2 Bedroom Apartment in a very convenient location!,€1850,North-West St Cloud - Residence Beausoleil,https://paris.craigslist.org/apa/d/2-bedroom-apartment-in-very-convenient/6781743962.html,,
Charming 1 Bedroom Apartment @  40m2,€1650,Paris Pyrenees Rue des Pyrenees,https://paris.craigslist.org/apa/d/charming-1-bedroom-apartment-40m2/6781736903.html,,
Furnished 1 Bedroom - 43m2,€1599,Paris Censier Daubenton - Rue du Fer a Moulin,https://paris.craigslist.org/apa/d/furnished-1-bedroom-43m2/6781733489.html,,
- 1 Bedroom  apartment adjacent to Metro Cambronne,€1550,Paris Cambronne - Villa Croix Nivert,https://paris.craigslist.org/apa/d/1-bedroom-apartment-adjacent-to-metro/6781730287.html,,
Spacious 1 Bedroom Apartment - 36m2,€1499,Paris Victor Hugo - Rue Lauriston,https://paris.craigslist.org/apa/d/spacious-1-bedroom-apartment-36m2/6781729040.html,,
Furnished 50 m2 apartment with balcony,€1499,Paris Buttes Chaumont- Rue Compans,https://paris.craigslist.org/apa/d/furnished-50-m2-apartment-with-balcony/6781726952.html,,
50 m2 Central Paris apartment Rental,€1500,Paris,https://paris.craigslist.org/apa/d/50-m2-central-paris-apartment-rental/6781713544.html,50,1
Fully equipped ground floor apartment with loft sleeping area,€1190,Paris Miromesnil Champs Elysees - Rue la Boetie,https://paris.craigslist.org/apa/d/fully-equipped-ground-floor-apartment/6781718788.html,,
Studio with elevator in perfect condition,€800,Paris Passy - Rue Benjamin Franklin,https://paris.craigslist.org/apa/d/studio-with-elevator-in-perfect/6781714861.html,,
Charming and quiet studio!,€1099,Paris Glaciere - Rue des Tanneries -,https://paris.craigslist.org/apa/d/charming-and-quiet-studio/6781717729.html,,
- 1 Bedroom- 35m2 (fully furnished),€1050,Paris Montmartre - Rue Labat,https://paris.craigslist.org/apa/d/1-bedroom-35m2-fully-furnished/6781715535.html,,
A 24 sqm studio in Montmartre,€1090,Paris Abbesses - Rue Durantin,https://paris.craigslist.org/apa/d/24-sqm-studio-in-montmartre/6781716552.html,,
Fully furnished studio for rent,€592,Batignols,https://paris.craigslist.org/apa/d/fully-furnished-studio-for-rent/6760491808.html,,
950 1 Bedroom Apartment in Saint-Ouen,€950,Saint-Ouen,https://paris.craigslist.org/apa/d/bedroom-apartment-in-saint-ouen/6781692631.html,,1
Lovely Apartment In Paris,€450,Passage Thiéré,https://paris.craigslist.org/apa/d/lovely-apartment-in-paris/6774502964.html,13,1
LOUVRE LOVELY APARTMENT LOCATED IN PARIS,€600,Rue Pierre Lescot,https://paris.craigslist.org/apa/d/louvre-lovely-apartment-located-in-paris/6760490297.html,30,1
Studio Apartment In Rue des Jeuneurs,€550,Paris,https://paris.craigslist.org/apa/d/studio-apartment-in-rue-des-jeuneurs/6781656612.html,15,1
Studio Luxueux Aux Buttes Chaumont,€500,Rue Manin,https://paris.craigslist.org/apa/d/studio-luxueux-aux-buttes-chaumont/6781654543.html,27,1
Studio Luxueux Aux Buttes Chaumont,€500,Rue Manin,https://paris.craigslist.org/apa/d/studio-luxueux-aux-buttes-chaumont/6781654095.html,27,1
Studio Luxueux Aux Buttes Chaumont,€500,Rue Manin,https://paris.craigslist.org/apa/d/studio-luxueux-aux-buttes-chaumont/6781653141.html,27,1
Studio Luxueux Aux Buttes Chaumont,€500,Rue Manin,https://paris.craigslist.org/apa/d/studio-luxueux-aux-buttes-chaumont/6781651164.html,27,1
Studio Luxueux Aux Buttes Chaumont,€500,Rue Manin,https://paris.craigslist.org/apa/d/studio-luxueux-aux-buttes-chaumont/6781651223.html,27,1
Studio Luxueux Aux Buttes Chaumont,€500,Rue Manin,https://paris.craigslist.org/apa/d/studio-luxueux-aux-buttes-chaumont/6781650898.html,27,1
Studio Luxueux Aux Buttes Chaumont,€500,Rue Manin,https://paris.craigslist.org/apa/d/studio-luxueux-aux-buttes-chaumont/6781650993.html,27,1
Studio Luxueux Aux Buttes Chaumont,€500,Rue Manin,https://paris.craigslist.org/apa/d/studio-luxueux-aux-buttes-chaumont/6781649889.html,27,1
Studio Apartment In Rue des Jeuneurs,€550,Paris,https://paris.craigslist.org/apa/d/studio-apartment-in-rue-des-jeuneurs/6779225815.html,15,1
Studio Luxueux Aux Buttes Chaumont,€500,Rue Manin,https://paris.craigslist.org/apa/d/studio-luxueux-aux-buttes-chaumont/6779389945.html,27,1
Appartement proche de Moulin Rouge,€600,Rue Cavallotti,https://paris.craigslist.org/apa/d/appartement-proche-de-moulin-rouge/6781630031.html,,1
Appartement proche de Moulin Rouge,€600,Rue Cavallotti,https://paris.craigslist.org/apa/d/appartement-proche-de-moulin-rouge/6781630120.html,,1
Quiet and lovely flat (15min from Montparnasse),€1300,Malakoff,https://paris.craigslist.org/apa/d/quiet-and-lovely-flat-15min-from/6781496197.html,48,1
Studio Apartment In Rue des Jeuneurs,€550,Paris,https://paris.craigslist.org/apa/d/studio-apartment-in-rue-des-jeuneurs/6781440311.html,15,1
Studio Apartment In Rue des Jeuneurs,€550,Paris,https://paris.craigslist.org/apa/d/studio-apartment-in-rue-des-jeuneurs/6781435232.html,15,1
Studio Apartment In Rue des Jeuneurs,€550,Paris,https://paris.craigslist.org/apa/d/studio-apartment-in-rue-des-jeuneurs/6781444457.html,15,1
Studio Apartment In Rue des Jeuneurs,€550,Paris,https://paris.craigslist.org/apa/d/studio-apartment-in-rue-des-jeuneurs/6781444690.html,15,1
Studio Apartment In Rue des Jeuneurs,€550,Paris,https://paris.craigslist.org/apa/d/studio-apartment-in-rue-des-jeuneurs/6781441723.html,15,1
"1BR, 50sqm, avenue du General Leclerc",€1600,14th arrondissement,https://paris.craigslist.org/apa/d/1br-50sqm-avenue-du-general-leclerc/6781207994.html,50,
3 Bedroom - 110m2 Located in Saint Germain-des-Prés,€4200,Paris Sevres Babylone Bon Marche -,https://paris.craigslist.org/apa/d/3-bedroom-110m2-located-in-saint/6780992271.html,,
- 2 Bedroom in the 6th arrondissement-,€2699,Paris Saint Michel - Rue Git le Coeur,https://paris.craigslist.org/apa/d/2-bedroom-in-the-6th-arrondissement/6780989315.html,,
- 1 Bedroom - 35m2 Charming -,€1475,Paris Reaumur - Sebastopol- Rue St Denis,https://paris.craigslist.org/apa/d/1-bedroom-35m2-charming/6780959388.html,,
- One Bedroom - a short walk from Bastille/Marais areas,€2575,Paris Voltaire - Avenue Parmentier,https://paris.craigslist.org/apa/d/one-bedroom-short-walk-from-bastille/6780987742.html,,
Seventh floor 1 bedroom apartment with elevator and balcony,€2299,Paris Wagram - Rue Philibert Delorme,https://paris.craigslist.org/apa/d/seventh-floor-1-bedroom-apartment-with/6780986179.html,,
"- Studio - One block from metro Rambuteau,",€1699,Paris Marais - Rue des Haudriettes,https://paris.craigslist.org/apa/d/studio-one-block-from-metro-rambuteau/6780982068.html,,
Sunny fully-furnished 1-bedroom flat in 18th arrondissement,€1450,Paris Marcadet Poissoniers - Rue Marcadet,https://paris.craigslist.org/apa/d/sunny-fully-furnished-1-bedroom-flat-in/6780957966.html,,
- 3 Bedroom apartment with balcony and view over Paris-,€2999,North-West St Cloud - Allee Florent Schmitt,https://paris.craigslist.org/apa/d/3-bedroom-apartment-with-balcony-and/6780990633.html,,
"Stylish and modern rooftop apartment, with terrace",€1950,Paris Rambuteau - Rue St Martin,https://paris.craigslist.org/apa/d/stylish-and-modern-rooftop-apartment/6780984867.html,,
- 2 Bedroom apartment in a very convenient location,€1850,North-West St Cloud - Residence Beausoleil,https://paris.craigslist.org/apa/d/2-bedroom-apartment-in-very-convenient/6780983301.html,,
Charming 1 Bedroom Apartment! - 40m2,€1650,Paris Pyrenees Rue des Pyrenees,https://paris.craigslist.org/apa/d/charming-1-bedroom-apartment-40m2/6780980228.html,,
Furnished 1 Bedroom Apartment!,€1599,Paris Censier Daubenton - Rue du Fer a Moulin,https://paris.craigslist.org/apa/d/furnished-1-bedroom-apartment/6780977279.html,,
- 1 Bedroom - apartment adjacent to Metro Cambronne,€1550,Paris Cambronne - Villa Croix Nivert,https://paris.craigslist.org/apa/d/1-bedroom-apartment-adjacent-to-metro/6780975524.html,,
Studio with elevator in perfect condition,€800,Paris Passy - Rue Benjamin Franklin,https://paris.craigslist.org/apa/d/studio-with-elevator-in-perfect/6780953637.html,,
Fully equipped ground floor apartment with loft sleeping area,€1190,Paris Miromesnil Champs Elysees - Rue la Boetie,https://paris.craigslist.org/apa/d/fully-equipped-ground-floor-apartment/6780956265.html,,
Lovely Apartment In Paris,€450,Passage Thiéré,https://paris.craigslist.org/apa/d/lovely-apartment-in-paris/6758765390.html,13,1
One bedroom apartment fully furnished,€1050,Paris Montmartre - Rue Labat-,https://paris.craigslist.org/apa/d/one-bedroom-apartment-fully-furnished/6780954242.html,,
LOUVRE LOVELY APARTMENT LOCATED IN PARIS,€600,Rue Pierre Lescot,https://paris.craigslist.org/apa/d/louvre-lovely-apartment-located-in-paris/6758746780.html,30,1
- Studio Apartment Available- 13m2,€750,Paris Bastille - Rue de Charonne,https://paris.craigslist.org/apa/d/studio-apartment-available-13m2/6780952934.html,,
Studio Luxueux Aux Buttes Chaumont,€500,Rue Manin,https://paris.craigslist.org/apa/d/studio-luxueux-aux-buttes-chaumont/6759448636.html,27,1
- 1 Bedroom - Situated in the prestigious 16th district of Paris,€1499,Paris Victor Hugo - Rue Lauriston,https://paris.craigslist.org/apa/d/1-bedroom-situated-in-the-prestigious/6780961624.html,,
The Treasury Montmartre - luxury 2 bed Apartment With Wireless Network,€700,Rue Caulaincourt,https://paris.craigslist.org/apa/d/the-treasury-montmartre-luxury-2-bed/6760513579.html,70,1
Furnished 50m2 apartment with balcony,€1499,Paris Buttes Chaumont- Rue Compans,https://paris.craigslist.org/apa/d/furnished-50m2-apartment-with-balcony/6780960596.html,,
Charming and quiet studio,€1099,Paris Glaciere - Rue des Tanneries,https://paris.craigslist.org/apa/d/charming-and-quiet-studio/6780955567.html,,
Calm and sunny fully furnished apartment,€1299,Paris Marcadet Poissonieres Rue Marcadet,https://paris.craigslist.org/apa/d/calm-and-sunny-fully-furnished-apartment/6780957200.html,,
A 24 sqm studio in Montmartre,€1090,Paris Abbesses - Rue Durantin,https://paris.craigslist.org/apa/d/24-sqm-studio-in-montmartre/6780955026.html,,
House à Place d'Italie à Paris,€1650,13ème arrondissement,https://paris.craigslist.org/apa/d/house-place-ditalie-paris/6780903816.html,60,
Paris apartment rental near Invalides,€2100,7th arrondissement,https://paris.craigslist.org/apa/d/paris-apartment-rental-near-invalides/6780238468.html,58,
Paris apartment rental near Dupleix,€3495,,https://paris.craigslist.org/apa/d/paris-apartment-rental-near-dupleix/6780243105.html,107,
Appartement à La Villette à Paris,€1127,19ème arrondissement,https://paris.craigslist.org/apa/d/appartement-la-villette-paris/6780242911.html,35,
"1BR (26sqm), Rue des Roses",€900,18th arrondissement,https://paris.craigslist.org/apa/d/1br-26sqm-rue-des-roses/6780238284.html,26,
Classic 3 Bedroom Apartment  - 110m2,€4200,Paris Sevres Babylone Bon Marche,https://paris.craigslist.org/apa/d/classic-3-bedroom-apartment-110m2/6780231922.html,,
- Studio - One block from metro Rambuteau,€1699,Paris Marais - Rue des Haudriettes,https://paris.craigslist.org/apa/d/studio-one-block-from-metro-rambuteau/6780204510.html,,
3 Bedroom  apartment with balcony and view over Paris,€2999,North-West St Cloud - Allee Florent Schmitt,https://paris.craigslist.org/apa/d/3-bedroom-apartment-with-balcony-and/6780229791.html,,
Sunny fully-furnished 1-bedroom flat in 18th arrondissement,€1450,Paris Marcadet Poissoniers - Rue Marcadet,https://paris.craigslist.org/apa/d/sunny-fully-furnished-1-bedroom-flat-in/6780194850.html,,
Large one bedroom 70m2 apartment,€2575,Paris Voltaire - Avenue Parmentier,https://paris.craigslist.org/apa/d/large-one-bedroom-70m2-apartment/6780210679.html,,
- 70m2  Stylish and modern rooftop apartment,€1950,Paris Rambuteau - Rue St Martin,https://paris.craigslist.org/apa/d/70m2-stylish-and-modern-rooftop/6780207609.html,,
Stunning 1 Bedroom - 40m2,€1650,Paris Pyrenees Rue des Pyrenees,https://paris.craigslist.org/apa/d/stunning-1-bedroom-40m2/6780203533.html,,
Furnished 1 Bedroom Apartment - 43m2,€1599,Paris Censier Daubenton - Rue du Fer a Moulin,https://paris.craigslist.org/apa/d/furnished-1-bedroom-apartment-43m2/6780202423.html,,
Calm and sunny fully furnished apartment,€1299,Paris Marcadet Poissonieres Rue Marcadet,https://paris.craigslist.org/apa/d/calm-and-sunny-fully-furnished-apartment/6780194195.html,,1
Furnished 1 Bedroom Apartment - 50m2,€1499,Paris Buttes Chaumont- Rue Compans,https://paris.craigslist.org/apa/d/furnished-1-bedroom-apartment-50m2/6780198631.html,,
Ground floor apartment with loft sleeping area,€1190,Paris Miromesnil Champs Elysees - Rue la Boetie,https://paris.craigslist.org/apa/d/ground-floor-apartment-with-loft/6780193634.html,,
- 1 Bedroom apartment adjacent to Metro Cambronne-,€1550,Paris Cambronne - Villa Croix Nivert,https://paris.craigslist.org/apa/d/1-bedroom-apartment-adjacent-to-metro/6780200766.html,,
Spacious 1 Bedroom - 36m2!,€1499,Paris Victor Hugo - Rue Lauriston,https://paris.craigslist.org/apa/d/spacious-1-bedroom-36m2/6780200043.html,,
- Studio with a large terrace - 15m2,€800,Paris Passy - Rue Benjamin Franklin,https://paris.craigslist.org/apa/d/studio-with-large-terrace-15m2/6780188182.html,,
Charming and quiet studio !,€1099,Paris Glaciere - Rue des Tanneries,https://paris.craigslist.org/apa/d/charming-and-quiet-studio/6780192580.html,,
Fully Furnished 1 Bedroom - 35m2,€1050,Paris Montmartre - Rue Labat,https://paris.craigslist.org/apa/d/fully-furnished-1-bedroom-35m2/6780189177.html,,
Paris apartment rental near Buttes Chaumont,€1350,,https://paris.craigslist.org/apa/d/paris-apartment-rental-near-buttes/6780183905.html,40,
Appartement à Alésia à Paris,€1080,14ème arrondissement,https://paris.craigslist.org/apa/d/appartement-alsia-paris/6780184057.html,31,
- Studio in perfect condition - 13m2,€750,Paris Bastille - Rue de Charonne,https://paris.craigslist.org/apa/d/studio-in-perfect-condition-13m2/6780187337.html,,
A 24 sqm studio in Montmartre,€1090,Paris Abbesses - Rue Durantin,https://paris.craigslist.org/apa/d/24-sqm-studio-in-montmartre/6780190271.html,,1
Apartment studio near Marais in Paris,€960,4th arrondissement,https://paris.craigslist.org/apa/d/apartment-studio-near-marais-in-paris/6780151407.html,21,
"Paris apartment rental on a quiet street, Villa Verlaine",€1350,,https://paris.craigslist.org/apa/d/paris-apartment-rental-on-quiet-street/6780151356.html,40,
Your flat in Paris for a long term stay,,Paris,https://paris.craigslist.org/apa/d/your-flat-in-paris-for-long-term-stay/6779901471.html,,
Appartement à Champ de Mars,€1450,7ème arrondissement,https://paris.craigslist.org/apa/d/appartement-champ-de-mars/6779901352.html,37,
Appartement à Quartier Latin à Paris,€4000,,https://paris.craigslist.org/apa/d/appartement-quartier-latin-paris/6779901220.html,95,
Paris apartment rental near Madeleine,€3775,1st arrondissement,https://paris.craigslist.org/apa/d/paris-apartment-rental-near-madeleine/6779879930.html,100,
Large One Bedroom - 70m2,€2575,Paris Voltaire - Avenue Parmentier,https://paris.craigslist.org/apa/d/large-one-bedroom-70m2/6779878956.html,,
Paris apartment rental near Notre Dame,€1242,"Rue Monge, 5th arrondissement",https://paris.craigslist.org/apa/d/paris-apartment-rental-near-notre-dame/6779879484.html,33,
Apartment:  1 Bedroom - 40m2,€1650,Paris Pyrenees Rue des Pyrenees,https://paris.craigslist.org/apa/d/apartment-1-bedroom-40m2/6779871882.html,,
Seventh floor 1 bedroom apartment with elevator and balcony,€2299,Paris Wagram - Rue Philibert Delorme,https://paris.craigslist.org/apa/d/seventh-floor-1-bedroom-apartment-with/6779874328.html,,
- 2 Bedroom apartment in a very convenient location-,€1850,North-West St Cloud - Residence Beausoleil,https://paris.craigslist.org/apa/d/2-bedroom-apartment-in-very-convenient/6779873250.html,,
Spacious Apartment! * 1 Bedroom *,€1499,Paris Victor Hugo - Rue Lauriston,https://paris.craigslist.org/apa/d/spacious-apartment-1-bedroom/6779868428.html,,
Furnished 1 Bedroom - 43m2,€1599,Paris Censier Daubenton - Rue du Fer a Moulin,https://paris.craigslist.org/apa/d/furnished-1-bedroom-43m2/6779870149.html,,
Fully equipped ground floor apartment with loft sleeping area,€1190,Paris Miromesnil Champs Elysees - Rue la Boetie,https://paris.craigslist.org/apa/d/fully-equipped-ground-floor-apartment/6779864566.html,,
Furnished apartment with balcony!,€1499,Paris Buttes Chaumont- Rue Compans,https://paris.craigslist.org/apa/d/furnished-apartment-with-balcony/6779867947.html,,
- 1 Bedroom apartment adjacent to Metro Cambronne-,€1550,Paris Cambronne - Villa Croix Nivert,https://paris.craigslist.org/apa/d/1-bedroom-apartment-adjacent-to-metro/6779868963.html,,
Charming and quiet studio,€1099,Paris Glaciere - Rue des Tanneries,https://paris.craigslist.org/apa/d/charming-and-quiet-studio/6779863815.html,,
A 24 sqm studio in Montmartre!,€1090,Paris Abbesses - Rue Durantin,https://paris.craigslist.org/apa/d/24-sqm-studio-in-montmartre/6779863376.html,,
Studio with elevator in perfect condition!,€800,Paris Passy - Rue Benjamin Franklin,https://paris.craigslist.org/apa/d/studio-with-elevator-in-perfect/6779862173.html,,
-Compact Studio Apartment - 13m2,€750,Paris Bastille - Rue de Charonne,https://paris.craigslist.org/apa/d/compact-studio-apartment-13m2/6779861602.html,,
Apartment studio near Villiers,€950,17th arrondissement,https://paris.craigslist.org/apa/d/apartment-studio-near-villiers/6779835101.html,23,
Charming studio near Boulainvilliers,€950,16th arrondissement,https://paris.craigslist.org/apa/d/charming-studio-near-boulainvilliers/6779835135.html,15,
House à Place d'Italie,€1650,13ème arrondissement,https://paris.craigslist.org/apa/d/house-place-ditalie/6779543787.html,60,
301 sq Cosy Apartment in Montmartre,€600,Passage Cottin,https://paris.craigslist.org/apa/d/301-sq-cosy-apartment-in-montmartre/6779341206.html,,1
Modern & stylish studio for SHORT & LONG stay,€550,Rue Lauriston,https://paris.craigslist.org/apa/d/modern-stylish-studio-for-short-long/6779339968.html,,1
LOUVRE LOVELY APARTMENT LOCATED IN PARIS,€600,Rue Pierre Lescot,https://paris.craigslist.org/apa/d/louvre-lovely-apartment-located-in-paris/6760549861.html,30,1
Your flat in Paris for a long term stay,,Paris,https://paris.craigslist.org/apa/d/your-flat-in-paris-for-long-term-stay/6779030625.html,,
Appartement à Champ de Mars,€1450,7ème arrondissement,https://paris.craigslist.org/apa/d/appartement-champ-de-mars/6779030572.html,37,
The Treasury Montmartre - luxury 2 bed Apartment With Wireless Network,€700,Rue Caulaincourt,https://paris.craigslist.org/apa/d/the-treasury-montmartre-luxury-2-bed/6760511343.html,70,1
- 70m2 Apartment with terrace and spectacular views,€1950,Paris Rambuteau - Rue St Martin,https://paris.craigslist.org/apa/d/70m2-apartment-with-terrace-and/6778980331.html,,
Amazing loft apartment with beautiful courtyard,€1650,Paris Ledru Rollin - Rue Faubourg St Antoine,https://paris.craigslist.org/apa/d/amazing-loft-apartment-with-beautiful/6778967098.html,,
Spacious Apartment { 3 Bedroom } - 110m2,€4200,Paris Sevres Babylone Bon Marche,https://paris.craigslist.org/apa/d/spacious-apartment-3-bedroom-110m2/6778972680.html,,
"1BR (26sqm), Rue des Roses",€900,18th arrondissement,https://paris.craigslist.org/apa/d/1br-26sqm-rue-des-roses/6778970908.html,26,
- 3 Bedroom apartment with balcony and view over Paris,€2999,North-West St Cloud - Allee Florent Schmitt,https://paris.craigslist.org/apa/d/3-bedroom-apartment-with-balcony-and/6778974822.html,,
Bright! 2 Bedroom apartment!,€1850,North-West St Cloud - Residence Beausoleil,https://paris.craigslist.org/apa/d/bright-2-bedroom-apartment/6778971510.html,,
Great 1 Bedroom Apartment - 40m2,€1650,Paris Pyrenees Rue des Pyrenees,https://paris.craigslist.org/apa/d/great-1-bedroom-apartment-40m2/6778968046.html,,
Renovated/ Furnished Apartment!,€1599,Paris Censier Daubenton - Rue du Fer a Moulin,https://paris.craigslist.org/apa/d/renovated-furnished-apartment/6778966612.html,,
1 Bedroom Apartment on the 2nd floor!,€1550,Paris Cambronne - Villa Croix Nivert -,https://paris.craigslist.org/apa/d/1-bedroom-apartment-on-the-2nd-floor/6778965589.html,,
- 1 Bedroom apartment in the prestigious 16th district of Paris,€1499,Paris Victor Hugo - Rue Lauriston,https://paris.craigslist.org/apa/d/1-bedroom-apartment-in-the-prestigious/6778963856.html,,
Furnished apartment with balcony,€1499,Paris Buttes Chaumont- Rue Compans,https://paris.craigslist.org/apa/d/furnished-apartment-with-balcony/6778962428.html,,
Charming and quiet studio in a great 17 th century convent,€1099,Paris Glaciere - Rue des Tanneries -,https://paris.craigslist.org/apa/d/charming-and-quiet-studio-in-great-17/6778956963.html,,
Great Apartment! * 1 Bedroom *,€1190,Paris Miromesnil Champs Elysees - Rue la Boetie,https://paris.craigslist.org/apa/d/great-apartment-1-bedroom/6778958202.html,,
Studio with elevator in perfect condition,€800,Paris Passy - Rue Benjamin Franklin,https://paris.craigslist.org/apa/d/studio-with-elevator-in-perfect/6778954773.html,,
Calm and sunny fully furnished apartment,€1299,Paris Marcadet Poissonieres Rue Marcadet,https://paris.craigslist.org/apa/d/calm-and-sunny-fully-furnished-apartment/6778959569.html,,1
A 24 sqm studio in Montmartre,€1090,Paris Abbesses - Rue Durantin,https://paris.craigslist.org/apa/d/24-sqm-studio-in-montmartre/6778956117.html,,
"Paris apartment rental on a quiet street, Villa Verlaine",€1350,,https://paris.craigslist.org/apa/d/paris-apartment-rental-on-quiet-street/6778940823.html,40,
"Paris apartment rental on a quiet street, Villa Verlaine",€1350,,https://paris.craigslist.org/apa/d/paris-apartment-rental-on-quiet-street/6778940579.html,40,
2 chambres sophistiquées meublées dans un quartier parfait,€1100,40 Rue Agrippa d'Aubigné,https://paris.craigslist.org/apa/d/2-chambres-sophistiques-meubles-dans-un/6778938895.html,,2
House à Place d'Italie à Paris,€1650,13ème arrondissement,https://paris.craigslist.org/apa/d/house-place-ditalie-paris/6778924547.html,60,
Look Close @ This Black Pearl,€20,Rue Charlot,https://paris.craigslist.org/apa/d/look-close-this-black-pearl/6778776652.html,,1
Look Close @ This Black Pearl,€20,Rue Charlot,https://paris.craigslist.org/apa/d/look-close-this-black-pearl/6778776622.html,,1
Studio Apartment in the heart of Paris CLICK ON IT ..^..,€500,Rue de Mogador,https://paris.craigslist.org/apa/d/studio-apartment-in-the-heart-of-paris/6778771553.html,,
Studio Apartment in the heart of Paris CLICK ON IT ..^..,€500,Rue de Mogador,https://paris.craigslist.org/apa/d/studio-apartment-in-the-heart-of-paris/6778771622.html,,
Elegant and Classical Apartment,€550,Rue Vauvenargues,https://paris.craigslist.org/apa/d/elegant-and-classical-apartment/6778766258.html,,1
Elegant and Classical Apartment,€550,Rue Vauvenargues,https://paris.craigslist.org/apa/d/elegant-and-classical-apartment/6778766135.html,,1
1-bedroom Apt in a Fabulous location,€550,"Paris,FR",https://paris.craigslist.org/apa/d/1-bedroom-apt-in-fabulous-location/6778761155.html,,1
1-bedroom Apt in a Fabulous location,€550,"Paris,FR",https://paris.craigslist.org/apa/d/1-bedroom-apt-in-fabulous-location/6778761057.html,,1
House à Place d'Italie,€1650,13ème arrondissement,https://paris.craigslist.org/apa/d/house-place-ditalie/6778482486.html,60,
"Appartement 2 chambres, Rue Custine",€1990,18ème arrondissement,https://paris.craigslist.org/apa/d/appartement-2-chambres-rue-custine/6778483563.html,57,
"2ème arrondissement, Studio rue de Richelieu",€900,2ème arrondissement,https://paris.craigslist.org/apa/d/2me-arrondissement-studio-rue-de/6778482624.html,18,
The Treasury Montmartre - luxury 2 bed Apartment With Wireless Network,€700,Rue Caulaincourt,https://paris.craigslist.org/apa/d/the-treasury-montmartre-luxury-2-bed/6758741589.html,70,1
The Treasury Montmartre - luxury 2 bed Apartment With Wireless Network,€700,Rue Caulaincourt,https://paris.craigslist.org/apa/d/the-treasury-montmartre-luxury-2-bed/6758533617.html,70,1
Comfortable studio bright Apt with open view,€550,Saint-Jacques,https://paris.craigslist.org/apa/d/comfortable-studio-bright-apt-with-open/6778390884.html,,1
Appartement à Champ de Mars,€1450,7ème arrondissement,https://paris.craigslist.org/apa/d/appartement-champ-de-mars/6778399515.html,37,
Lovely Apartment In Paris,€450,Passage Thiéré,https://paris.craigslist.org/apa/d/lovely-apartment-in-paris/6758753796.html,13,1
Large One Bedroom -Flat @ 70m2,€2575,Paris Voltaire - Avenue Parmentier,https://paris.craigslist.org/apa/d/large-one-bedroom-flat-70m2/6778394858.html,,
"Paris apartment rental on a quiet street, Villa Verlaine",€1350,,https://paris.craigslist.org/apa/d/paris-apartment-rental-on-quiet-street/6778400202.html,40,
- 70m2/Stylish and modern rooftop apartment,€1950,Paris Rambuteau - Rue St Martin,https://paris.craigslist.org/apa/d/70m2-stylish-and-modern-rooftop/6778374924.html,,
- 2 Bedroom apartment with elevator and balcony,€2299,Paris Wagram - Rue Philibert Delorme,https://paris.craigslist.org/apa/d/2-bedroom-apartment-with-elevator-and/6778377022.html,,
- 2 Bedroom apartment in a very convenient location -,€1850,North-West St Cloud - Residence Beausoleil,https://paris.craigslist.org/apa/d/2-bedroom-apartment-in-very-convenient/6778371850.html,,
Lovely 1 Bedroom Apartment - 40m2,€1650,Paris Pyrenees Rue des Pyrenees,https://paris.craigslist.org/apa/d/lovely-1-bedroom-apartment-40m2/6778366730.html,,
Furnished 1 Bedroom Apartment!  43m2,€1599,Paris Censier Daubenton - Rue du Fer a Moulin,https://paris.craigslist.org/apa/d/furnished-1-bedroom-apartment-43m2/6778363435.html,,
- 1 Bedroom Apartment with balcony!,€1499,Paris Buttes Chaumont- Rue Compans,https://paris.craigslist.org/apa/d/1-bedroom-apartment-with-balcony/6778356863.html,,
""" 1 Bedroom Apartment"" Available!",€1550,Paris Cambronne - Villa Croix Nivert,https://paris.craigslist.org/apa/d/1-bedroom-apartment-available/6778360460.html,,
Spacious 1 Bedroom Apartment @ 36m2,€1499,Paris Victor Hugo - Rue Lauriston,https://paris.craigslist.org/apa/d/spacious-1-bedroom-apartment-36m2/6778358334.html,,
Calm and sunny fully furnished apartment,€1299,Paris Marcadet Poissonieres Rue Marcadet,https://paris.craigslist.org/apa/d/calm-and-sunny-fully-furnished-apartment/6778352437.html,,
A 24 sqm studio in Montmartre!,€1090,Paris Abbesses - Rue Durantin,https://paris.craigslist.org/apa/d/24-sqm-studio-in-montmartre/6778348699.html,,
- Studio apartment in a great location-,€750,Paris Bastille - Rue de Charonne,https://paris.craigslist.org/apa/d/studio-apartment-in-great-location/6778346017.html,,
Charming and quiet studio!,€1099,Paris Glaciere - Rue des Tanneries,https://paris.craigslist.org/apa/d/charming-and-quiet-studio/6778349508.html,,
Appartement à Quartier Latin à Paris,€4000,,https://paris.craigslist.org/apa/d/appartement-quartier-latin-paris/6778327496.html,95,
"Lovely two bedroom apartment, fully furnished",€1800,Luxembourg gardens,https://paris.craigslist.org/apa/d/lovely-two-bedroom-apartment-fully/6755051326.html,55,2
Apartment studio near Marais in Paris,€960,4th arrondissement,https://paris.craigslist.org/apa/d/apartment-studio-near-marais-in-paris/6778312128.html,21,
Large studio in the heart of the Left Bank near La Sorbonne,€1550,4 rue Racine,https://paris.craigslist.org/apa/d/large-studio-in-the-heart-of-the-left/6778044372.html,35,1
SPacious 2bedroom 2bathroom Flat.. Great Location!,€700,,https://paris.craigslist.org/apa/d/spacious-2bedroom-2bathroom-flat-great/6777788256.html,,2
Large one bedroom 70m2 apartment on the second floor,€2575,Paris Voltaire - Avenue Parmentier,https://paris.craigslist.org/apa/d/large-one-bedroom-70m2-apartment-on-the/6777665685.html,,
- 2 Bedroom apartment with elevator and balcony!,€2299,Paris Wagram - Rue Philibert Delorme,https://paris.craigslist.org/apa/d/2-bedroom-apartment-with-elevator-and/6777657474.html,,
Amazing loft apartment with beautiful courtyard,€1650,Paris Ledru Rollin - Rue Faubourg St Antoine,https://paris.craigslist.org/apa/d/amazing-loft-apartment-with-beautiful/6777647094.html,,
- Studio - One block from metro Rambuteau,€1699,Paris Marais - Rue des Haudriettes,https://paris.craigslist.org/apa/d/studio-one-block-from-metro-rambuteau/6777649689.html,,
Stylish and modern rooftop apartment,€1950,Paris Rambuteau - Rue St Martin,https://paris.craigslist.org/apa/d/stylish-and-modern-rooftop-apartment/6777654802.html,,
Sunny fully-furnished 1-bedroom flat in 18th arrondissement.,€1450,Paris Marcadet Poissoniers - Rue Marcadet -,https://paris.craigslist.org/apa/d/sunny-fully-furnished-1-bedroom-flat-in/6777635304.html,,
Charming Apartment!  1 Bedroom - 40m2,€1650,Paris Pyrenees Rue des Pyrenees,https://paris.craigslist.org/apa/d/charming-apartment-1-bedroom-40m2/6777647863.html,,
Well Located APartment ( 2 Bedroom),€1850,North-West St Cloud - Residence Beausoleil,https://paris.craigslist.org/apa/d/well-located-apartment-2-bedroom/6777651848.html,,
Spacious 1 Bedroom Apartment - 36m2,€1499,Paris Victor Hugo - Rue Lauriston -,https://paris.craigslist.org/apa/d/spacious-1-bedroom-apartment-36m2/6777642896.html,,
Studio with elevator in perfect condition!,€800,Paris Passy - Rue Benjamin Franklin,https://paris.craigslist.org/apa/d/studio-with-elevator-in-perfect/6777629966.html,,
Furnished 50 m2 apartment with balcony,€1499,Paris Buttes Chaumont- Rue Compans,https://paris.craigslist.org/apa/d/furnished-50-m2-apartment-with-balcony/6777637988.html,,
Renovated 1 Bedroom Apartment! - 43m2,€1599,Paris Censier Daubenton - Rue du Fer a Moulin,https://paris.craigslist.org/apa/d/renovated-1-bedroom-apartment-43m2/6777645592.html,,
- 1 Bedroom apartment adjacent to Metro Cambronne-,€1550,Paris Cambronne - Villa Croix Nivert,https://paris.craigslist.org/apa/d/1-bedroom-apartment-adjacent-to-metro/6777644379.html,,
Charming and quiet studio**,€1099,Paris Glaciere - Rue des Tanneries,https://paris.craigslist.org/apa/d/charming-and-quiet-studio/6777632600.html,,
Calm and sunny fully furnished apartment,€1299,Paris Marcadet Poissonieres Rue Marcadet,https://paris.craigslist.org/apa/d/calm-and-sunny-fully-furnished-apartment/6777634263.html,,
- Studio - 13m2...  in a great location!,€750,Paris Bastille - Rue de Charonne,https://paris.craigslist.org/apa/d/studio-13m2-in-great-location/6777628792.html,,
Furnished Apartment! ** 1 Bedroom- 35m2,€1050,Paris Montmartre - Rue Labat,https://paris.craigslist.org/apa/d/furnished-apartment-1-bedroom-35m2/6777630482.html,,
A 24 sqm studio in Montmartre,€1090,Paris Abbesses - Rue Durantin -,https://paris.craigslist.org/apa/d/24-sqm-studio-in-montmartre/6777632049.html,,
Luxury apartment with a view / bassin de la Villette (feb.-jul.2019),€2000,Paris 19 - Bassin de la Villette,https://paris.craigslist.org/apa/d/luxury-apartment-with-view-bassin-de-la/6777602640.html,108,2
Well Furnished room for girls only.,€400,,https://paris.craigslist.org/apa/d/well-furnished-room-for-girls-only/6777592989.html,35,
Studio Luxueux Aux Buttes Chaumont,€500,Rue Manin,https://paris.craigslist.org/apa/d/studio-luxueux-aux-buttes-chaumont/6755013030.html,27,1
Studio Luxueux Aux Buttes Chaumont,€500,Rue Manin,https://paris.craigslist.org/apa/d/studio-luxueux-aux-buttes-chaumont/6755007147.html,27,1
The Treasury Montmartre - luxury 2 bed Apartment With Wireless Network,€700,Rue Caulaincourt,https://paris.craigslist.org/apa/d/the-treasury-montmartre-luxury-2-bed/6760544371.html,70,1
Comfortable studio bright Apt with open view,€550,Saint-Jacques,https://paris.craigslist.org/apa/d/comfortable-studio-bright-apt-with-open/6777102397.html,,1
"2ème arrondissement, Studio rue de Richelieu",€900,2ème arrondissement,https://paris.craigslist.org/apa/d/2me-arrondissement-studio-rue-de/6777046947.html,18,
Appartement à Quartier Latin à Paris,€4000,,https://paris.craigslist.org/apa/d/appartement-quartier-latin-paris/6777051569.html,95,
Studio à Strasbourg Saint Denis à Paris,€850,10ème arrondissement,https://paris.craigslist.org/apa/d/studio-strasbourg-saint-denis-paris/6777048417.html,16,
Seventh floor 1 bedroom apartment with elevator and balcony,€2299,Paris Wagram - Rue Philibert Delorme,https://paris.craigslist.org/apa/d/seventh-floor-1-bedroom-apartment-with/6776926462.html,,
Sunny fully-furnished 1-bedroom flat in 18th arrondissement!,€1450,Paris Marcadet Poissoniers - Rue Marcadet,https://paris.craigslist.org/apa/d/sunny-fully-furnished-1-bedroom-flat-in/6776903398.html,,
- Studio - One block from metro Rambuteau,€1699,Paris Marais - Rue des Haudriettes,https://paris.craigslist.org/apa/d/studio-one-block-from-metro-rambuteau/6776916391.html,,
Amazing loft apartment with beautiful courtyard,€1650,Paris Ledru Rollin - Rue Faubourg St Antoine,https://paris.craigslist.org/apa/d/amazing-loft-apartment-with-beautiful/6776912807.html,,
Stylishly Furnished 1 BEDROOM apartment AVAILABLE NOW,€700,Paris,https://paris.craigslist.org/apa/d/stylishly-furnished-1-bedroom-apartment/6754952002.html,87,1
- 70m2 Stylish and modern rooftop apartment,€1950,Paris Rambuteau - Rue St Martin,https://paris.craigslist.org/apa/d/70m2-stylish-and-modern-rooftop/6776923810.html,,
2- Bedroom apartment in a very convenient location,€1850,North-West St Cloud - Residence Beausoleil,https://paris.craigslist.org/apa/d/2-bedroom-apartment-in-very-convenient/6776919285.html,,
Charming 1 Bedroom Apartment @ 40m2,€1650,Paris Pyrenees Rue des Pyrenees,https://paris.craigslist.org/apa/d/charming-1-bedroom-apartment-40m2/6776915359.html,,
Charming and quiet studio in a great 17th century convent,€1099,Paris Glaciere - Rue des Tanneries,https://paris.craigslist.org/apa/d/charming-and-quiet-studio-in-great-17th/6776898649.html,,
Apartment with excellent light!,€1475,Paris Reaumur - Sebastopol- Rue St Denis -,https://paris.craigslist.org/apa/d/apartment-with-excellent-light/6776904956.html,,
Furnished 1 Bedroom Apartment - 43m2,€1599,Paris Censier Daubenton - Rue du Fer a Moulin,https://paris.craigslist.org/apa/d/furnished-1-bedroom-apartment-43m2/6776911544.html,,
Furnished (50m2) apartment with balcony,€1499,Paris Buttes Chaumont- Rue Compans,https://paris.craigslist.org/apa/d/furnished-50m2-apartment-with-balcony/6776906066.html,,
- 1 Bedroom apartment adjacent to Metro Cambronne!,€1550,Paris Cambronne - Villa Croix Nivert,https://paris.craigslist.org/apa/d/1-bedroom-apartment-adjacent-to-metro/6776909444.html,,
A 24 sqm studio in Montmartre**,€1090,Paris Abbesses - Rue Durantin,https://paris.craigslist.org/apa/d/24-sqm-studio-in-montmartre/6776897572.html,,
Compact Studio - 13m2,€750,Paris Bastille - Rue de Charonne,https://paris.craigslist.org/apa/d/compact-studio-13m2/6776894028.html,,
Enjoy staying in spacious 1 bedroom apartment with elevator,€1499,Paris Victor Hugo - Rue Lauriston,https://paris.craigslist.org/apa/d/enjoy-staying-in-spacious-1-bedroom/6776907920.html,,
Fully equipped ground floor apartment with loft sleeping area,€1190,Paris Miromesnil Champs Elysees - Rue la Boetie,https://paris.craigslist.org/apa/d/fully-equipped-ground-floor-apartment/6776900589.html,,
Calm and sunny fully furnished apartment !,€1299,Paris Marcadet Poissonieres Rue Marcadet,https://paris.craigslist.org/apa/d/calm-and-sunny-fully-furnished/6776901445.html,,
35m2- 1 bedroom apartment!,€1050,Paris Montmartre - Rue Labat- 1 Bedroom-,https://paris.craigslist.org/apa/d/35m2-1-bedroom-apartment/6776896689.html,,
- Studio - with a large terrace!,€800,Paris Passy - Rue Benjamin Franklin,https://paris.craigslist.org/apa/d/studio-with-large-terrace/6776895131.html,,
Elegant Studio apartment heart of Paris,€400,5th arrondissements,https://paris.craigslist.org/apa/d/elegant-studio-apartment-heart-of-paris/6776869104.html,,1
Studio apartment availbale at 1st Arrondissement,€350,1st Arrondissement,https://paris.craigslist.org/apa/d/studio-apartment-availbale-at-1st/6776864819.html,,1
House à Place d'Italie à Paris,€1650,13ème arrondissement,https://paris.craigslist.org/apa/d/house-place-ditalie-paris/6776855554.html,60,
Studio Apt Btw Bastille and République,€550,"Paris,FR",https://paris.craigslist.org/apa/d/studio-apt-btw-bastille-and-rpublique/6776787024.html,,1
"4th district, Studio Rue St Louis en l' Ile",€1300,4th arrondissement,https://paris.craigslist.org/apa/d/4th-district-studio-rue-st-louis-en-ile/6776798131.html,,
House à Place d'Italie à Paris,€1650,13ème arrondissement,https://paris.craigslist.org/apa/d/house-place-ditalie-paris/6776798455.html,60,
Apartment studio near Marais in Paris,€960,4th arrondissement,https://paris.craigslist.org/apa/d/apartment-studio-near-marais-in-paris/6776798219.html,21,
BEAUTIFIL APARTMENT NEAR MONTMARTRE FOR 2,€600,Rue Doudeauville,https://paris.craigslist.org/apa/d/beautifil-apartment-near-montmartre-for/6776786265.html,,1
BEAUTIFIL APARTMENT NEAR MONTMARTRE FOR 2,€600,Rue Doudeauville,https://paris.craigslist.org/apa/d/beautifil-apartment-near-montmartre-for/6776786097.html,,1
"2ème arrondissement, Studio rue de Richelieu",€900,2ème arrondissement,https://paris.craigslist.org/apa/d/2me-arrondissement-studio-rue-de/6776266207.html,18,
Charming studio near Boulainvilliers,€950,16th arrondissement,https://paris.craigslist.org/apa/d/charming-studio-near-boulainvilliers/6776266391.html,15,
Paris apartment rental near Martyrs,€1800,,https://paris.craigslist.org/apa/d/paris-apartment-rental-near-martyrs/6776266109.html,63,
Appartement à Quartier Latin à Paris,€4000,,https://paris.craigslist.org/apa/d/appartement-quartier-latin-paris/6776266682.html,95,
"PROMO ! last minute ! 2 arrdt ,Wifi , quiet , all equipted",€780,"le Louvre,LaCanopée ,les halles,la seine",https://paris.craigslist.org/apa/d/promo-last-minute-2-arrdt-wifi-quiet/6776211022.html,60,1
"PROMO ! last minute ! 2 arrdt ,Wifi , quiet , all equipted",€780,"montorgueil , Beaubourg ,le Louvre",https://paris.craigslist.org/apa/d/promo-last-minute-2-arrdt-wifi-quiet/6771289945.html,60,1
Large one bedroom 70m2 apartment,€2575,Paris Voltaire - Avenue Parmentier-,https://paris.craigslist.org/apa/d/large-one-bedroom-70m2-apartment/6776151289.html,,
Amazing loft apartment with beautiful courtyard,€1650,Paris Ledru Rollin - Rue Faubourg St Antoine,https://paris.craigslist.org/apa/d/amazing-loft-apartment-with-beautiful/6776141618.html,,
Paris duplex apartment rental near Les Halles,€990,2nd arrondissement,https://paris.craigslist.org/apa/d/paris-duplex-apartment-rental-near-les/6776160221.html,18,
- 2 Bedroom apartment with elevator and balcony-,€2299,Paris Wagram - Rue Philibert Delorme,https://paris.craigslist.org/apa/d/2-bedroom-apartment-with-elevator-and/6776148353.html,,
"Paris apartment rental on a quiet street, Villa Verlaine",€1350,,https://paris.craigslist.org/apa/d/paris-apartment-rental-on-quiet-street/6776157285.html,40,
1 Bedroom apartment with Parisian experience!,€1650,Paris Pyrenees Rue des Pyrenees -,https://paris.craigslist.org/apa/d/1-bedroom-apartment-with-parisian/6776143189.html,,
- 70m2.. Stylish and modern rooftop apartment,€1950,Paris Rambuteau - Rue St Martin,https://paris.craigslist.org/apa/d/70m2-stylish-and-modern-rooftop/6776146471.html,,
Sunny fully-furnished 1-bedroom flat in 18th arrondissement,€1450,Paris Marcadet Poissoniers - Rue Marcadet -,https://paris.craigslist.org/apa/d/sunny-fully-furnished-1-bedroom-flat-in/6776131895.html,,
Furnished 2 Bedroom Apartment- 65m2,€1850,North-West St Cloud - Residence Beausoleil,https://paris.craigslist.org/apa/d/furnished-2-bedroom-apartment-65m2/6776145369.html,,
Renovated 1 Bedroom Apartment!,€1599,Paris Censier Daubenton - Rue du Fer a Moulin,https://paris.craigslist.org/apa/d/renovated-1-bedroom-apartment/6776139031.html,,
Furnished apartment with balcony!,€1499,Paris Buttes Chaumont- Rue Compans,https://paris.craigslist.org/apa/d/furnished-apartment-with-balcony/6776133705.html,,
Spacious 1 Bedroom Apartment - 36m2,€1499,Paris Victor Hugo - Rue Lauriston,https://paris.craigslist.org/apa/d/spacious-1-bedroom-apartment-36m2/6776135852.html,,
Studio with a large terrace!,€800,Paris Passy - Rue Benjamin Franklin -,https://paris.craigslist.org/apa/d/studio-with-large-terrace/6776125075.html,,
- 1 Bedroom apartment adjacent to Metro Cambronne,€1550,Paris Cambronne - Villa Croix Nivert,https://paris.craigslist.org/apa/d/1-bedroom-apartment-adjacent-to-metro/6776137942.html,,
Calm and sunny fully furnished apartment on the 5th floor,€1299,Paris Marcadet Poissonieres Rue Marcadet,https://paris.craigslist.org/apa/d/calm-and-sunny-fully-furnished/6776130912.html,,
- Charming Studio @ 13m2,€750,Paris Bastille - Rue de Charonne,https://paris.craigslist.org/apa/d/charming-studio-13m2/6776124480.html,,
Charming and quiet studio in a great 17 th century convent!,€1099,Paris Glaciere - Rue des Tanneries,https://paris.craigslist.org/apa/d/charming-and-quiet-studio-in-great-17/6776127805.html,,
- 1 Bedroom Apartment - 35m2,€1050,Paris Montmartre - Rue Labat,https://paris.craigslist.org/apa/d/1-bedroom-apartment-35m2/6776125958.html,,
Comfort for two still Available,€550,"Paris,FR",https://paris.craigslist.org/apa/d/comfort-for-two-still-available/6776109350.html,,1
A 24 sqm studio in Montmartre!,€1090,Paris Abbesses - Rue Durantin,https://paris.craigslist.org/apa/d/24-sqm-studio-in-montmartre/6776126757.html,,
Comfort for two still Available,€550,"Paris,FR",https://paris.craigslist.org/apa/d/comfort-for-two-still-available/6776109397.html,,1
Charming equipped renovated studio,€600,"Paris,FR",https://paris.craigslist.org/apa/d/charming-equipped-renovated-studio/6776108032.html,,1
Charming equipped renovated studio,€600,"Paris,FR",https://paris.craigslist.org/apa/d/charming-equipped-renovated-studio/6776107573.html,,1
Charming equipped renovated studio,€600,"Paris,FR",https://paris.craigslist.org/apa/d/charming-equipped-renovated-studio/6776108336.html,,1
Affordable Studio  Apt,€550,"Paris,FR",https://paris.craigslist.org/apa/d/affordable-studio-apt/6776107884.html,,1
This Beautiful Studio apt available in 7th arrondissement,€450,7th arrondissement,https://paris.craigslist.org/apa/d/this-beautiful-studio-apt-available-in/6776102416.html,,1
A superb furnished apt studio in Paris,€450,6th Arrondissement,https://paris.craigslist.org/apa/d/superb-furnished-apt-studio-in-paris/6776099378.html,,1
Studio Apartment In Rue des Jeuneurs,€550,Paris,https://paris.craigslist.org/apa/d/studio-apartment-in-rue-des-jeuneurs/6754994582.html,15,1
The Treasury Montmartre - luxury 2 bed Apartment With Wireless Network,€700,Rue Caulaincourt,https://paris.craigslist.org/apa/d/the-treasury-montmartre-luxury-2-bed/6758533118.html,70,1
LOUVRE LOVELY APARTMENT LOCATED IN PARIS,€600,Rue Pierre Lescot,https://paris.craigslist.org/apa/d/louvre-lovely-apartment-located-in-paris/6758532766.html,30,1
Lovely Apartment In Paris,€450,Passage Thiéré,https://paris.craigslist.org/apa/d/lovely-apartment-in-paris/6755016572.html,13,1
"Cute Classic Studio Near Market Street, Paris",€900,Paris,https://paris.craigslist.org/apa/d/cute-classic-studio-near-market-street/6771647612.html,90,1
"Cute Classic Studio Near Market Street, Paris",€900,Paris,https://paris.craigslist.org/apa/d/cute-classic-studio-near-market-street/6771527340.html,70,1
Paris apartment rental near Invalides,€2100,7th arrondissement,https://paris.craigslist.org/apa/d/paris-apartment-rental-near-invalides/6776075378.html,58,
studio  Eiffel Tower,€990,LA MOTTE PICQUET GRENELLE,https://paris.craigslist.org/apa/d/studio-eiffel-tower/6775502564.html,24,
PARIS 15  tour eiffel /  2 bedrooms - long term,€1890,Rue Dupleix,https://paris.craigslist.org/apa/d/paris-15-tour-eiffel-2-bedrooms-long/6773133539.html,41,2
Studio rue de Richelieu,€900,2ème arrondissement,https://paris.craigslist.org/apa/d/studio-rue-de-richelieu/6775441059.html,18,
Apartment studio near Charles Michels in Paris,€1250,15th arrondissement,https://paris.craigslist.org/apa/d/apartment-studio-near-charles-michels/6775427419.html,34,
Paris apartment rental near Buttes Chaumont,€1350,,https://paris.craigslist.org/apa/d/paris-apartment-rental-near-buttes/6775438557.html,40,
Beautiful Studio with loft in 3rd Arrondissement,€500,3rd Arrondissement,https://paris.craigslist.org/apa/d/beautiful-studio-with-loft-in-3rd/6775316735.html,,1
Amazing studio / Amazing studio in Rue du Temple,€500,4th Arrondissement,https://paris.craigslist.org/apa/d/amazing-studio-amazing-studio-in-rue-du/6775311824.html,,1
"Paris apartment rental on a quiet street, Villa Verlaine",€1350,,https://paris.craigslist.org/apa/d/paris-apartment-rental-on-quiet-street/6775301682.html,40,
Furnished 2BR apartment (46sqm) rue Berzélius,€1550,Paris 17th arrondissement,https://paris.craigslist.org/apa/d/furnished-2br-apartment-46sqm-rue/6775301518.html,46,
2 pièces 25m² Rue de la Mare,€900,20ème,https://paris.craigslist.org/apa/d/2-pices-25m-rue-de-la-mare/6775278254.html,25,
"Studio 20 sqm, rue de la Fontaine au Roi",€1065,11th arrondissement,https://paris.craigslist.org/apa/d/studio-20-sqm-rue-de-la-fontaine-au-roi/6775279151.html,20,
Appartement à La Villette à Paris,€1127,19ème arrondissement,https://paris.craigslist.org/apa/d/appartement-la-villette-paris/6775277770.html,35,
"PROMO ! last minute ! 2 arrdt ,Wifi , quiet , all equipted",€780,"montorgueil , Beaubourg ,le Louvre",https://paris.craigslist.org/apa/d/promo-last-minute-2-arrdt-wifi-quiet/6775134646.html,60,1
NICE STUDIO BASTILLE SHORT PERIODS,€60,BASTILLE,https://paris.craigslist.org/apa/d/nice-studio-bastille-short-periods/6774637750.html,15,2
Les Bouquinistes de NOTRE-DAME studio !,€60,Paris,https://paris.craigslist.org/apa/d/les-bouquinistes-de-notre-dame-studio/6774627401.html,,1
Furnished Studio Apartment in heart of Paris,€400,6th Arrondissement,https://paris.craigslist.org/apa/d/furnished-studio-apartment-in-heart-of/6774503490.html,,1
Lovely Studio Apt Available in rue du Temple 4th Arrondissement,€500,4th Arrondissement,https://paris.craigslist.org/apa/d/lovely-studio-apt-available-in-rue-du/6774497808.html,,1
Rue Duvergier 90 sqm 2 BR 14th floor far views,€2000,"Paris 19th, France",https://paris.craigslist.org/apa/d/rue-duvergier-90-sqm-2-br-14th-floor/6753500023.html,90,2
"Studio 35m2 + Mezzanine, Rue de Lisbonne Paris8è",€505,505€ PER MONTH,https://paris.craigslist.org/apa/d/studio-35m2-mezzanine-rue-de-lisbonne/6762774743.html,35,1
Studio 48m2 à 9min de l' Uni. Panthéon-Sorbonne Paris1,€525,525€ PER MONTH,https://paris.craigslist.org/apa/d/studio-48m2-9min-de-uni-panthon/6762766552.html,48,1
Bel 1 Chambre 50m² au coeur de Paris 19è,€575,575€ PER MONTH,https://paris.craigslist.org/apa/d/bel-1-chambre-50m-au-coeur-de-paris-19/6762759565.html,50,1
Bearifull studio on paris 16,€1350,Paris 16,https://paris.craigslist.org/apa/d/bearifull-studio-on-paris-16/6774479092.html,,1
Paris apartment rental near Buttes Chaumont,€1350,,https://paris.craigslist.org/apa/d/paris-apartment-rental-near-buttes/6774473867.html,40,
Paris apartment rental near Commerce,€1290,15th arrondissement,https://paris.craigslist.org/apa/d/paris-apartment-rental-near-commerce/6774461215.html,35,
Offering free WiFi and city views,€500,Boulevard de Sébastopol,https://paris.craigslist.org/apa/d/offering-free-wifi-and-city-views/6774132460.html,,1
.....Offering free WiFi and city views,€500,Boulevard de Sébastopol,https://paris.craigslist.org/apa/d/offering-free-wifi-and-city-views/6774132075.html,,1
----Offering free WiFi and city views,€500,Boulevard de Sébastopol,https://paris.craigslist.org/apa/d/offering-free-wifi-and-city-views/6774131961.html,,1
meuble 2 pieces + mezzanine,€1800,Rue Marie Stuart,https://paris.craigslist.org/apa/d/meuble-2-pieces-mezzanine/6774141293.html,36,1
Grand 2 pièces de 50sqm rue d'Hauteville,€1800,10ème arrondissement,https://paris.craigslist.org/apa/d/grand-2-pices-de-50sqm-rue-dhauteville/6773984592.html,50,
Studio Avenue Georges Mandel,€1450,16ème arrondissement,https://paris.craigslist.org/apa/d/studio-avenue-georges-mandel/6773988753.html,36,
House à Place d'Italie à Paris,€1650,13ème arrondissement,https://paris.craigslist.org/apa/d/house-place-ditalie-paris/6773984443.html,60,
Paris apartment rental near Buttes Chaumont,€1350,,https://paris.craigslist.org/apa/d/paris-apartment-rental-near-buttes/6773985290.html,40,
Spacious & Classic 3 Bedroom Apartment!,€4200,Paris Sevres Babylone Bon Marche,https://paris.craigslist.org/apa/d/spacious-classic-3-bedroom-apartment/6773884558.html,,
Stunning One Bedroom Apartment @ 70m2,€2575,Paris Voltaire - Avenue Parmentier,https://paris.craigslist.org/apa/d/stunning-one-bedroom-apartment-70m2/6773879992.html,,
Stunning Apartment  (3 beds) in a private street!,€2799,South-West Issy les Moulineaux - Rue Claude Matrat- 3 Rue Ra,https://paris.craigslist.org/apa/d/stunning-apartment-3-beds-in-private/6773882754.html,,
3 Bedroom apartment with balcony!,€2999,North-West St Cloud - Allee Florent Schmitt -,https://paris.craigslist.org/apa/d/3-bedroom-apartment-with-balcony/6773883343.html,,
- 2 Bedroom apartment with elevator and balcony-,€2299,Paris Wagram - Rue Philibert Delorme,https://paris.craigslist.org/apa/d/2-bedroom-apartment-with-elevator-and/6773872456.html,,
Amazing loft apartment with beautiful courtyard,€1650,Paris Ledru Rollin - Rue Faubourg St Antoine,https://paris.craigslist.org/apa/d/amazing-loft-apartment-with-beautiful/6773867365.html,,
"Beautiful, fully equipped 1 Bedroom apartment!",€1460,Paris Dupleix - Boulevard de Grenelle,https://paris.craigslist.org/apa/d/beautiful-fully-equipped-1-bedroom/6773863480.html,,
"- 70m2 , Stylish and modern rooftop apartment!",€1950,Paris Rambuteau - Rue St Martin,https://paris.craigslist.org/apa/d/70m2-stylish-and-modern-rooftop/6773871950.html,,
Apartment with Parisian Comfort!,€1650,Paris Pyrenees Rue des Pyrenees,https://paris.craigslist.org/apa/d/apartment-with-parisian-comfort/6773868418.html,,
Sunny fully-furnished 1-bedroom flat in 18th arrondissement,€1450,Paris Marcadet Poissoniers - Rue Marcadet,https://paris.craigslist.org/apa/d/sunny-fully-furnished-1-bedroom-flat-in/6773862807.html,,
Lovely 2 Bedroom Apartment facing east!,€1850,North-West St Cloud - Residence Beausoleil,https://paris.craigslist.org/apa/d/lovely-2-bedroom-apartment-facing-east/6773871193.html,,
Spacious 1 bedroom  4th floor apartment with elevator!,€1499,Paris Victor Hugo - Rue Lauriston,https://paris.craigslist.org/apa/d/spacious-1-bedroom-4th-floor-apartment/6773865077.html,,
Furnished 1 Bedroom Apartment- 43m2,€1599,Paris Censier Daubenton - Rue du Fer a Moulin,https://paris.craigslist.org/apa/d/furnished-1-bedroom-apartment-43m2/6773866652.html,,
1 Bedroom apartment adjacent to Metro Cambronne!,€1550,Paris Cambronne - Villa Croix Nivert -,https://paris.craigslist.org/apa/d/1-bedroom-apartment-adjacent-to-metro/6773865832.html,,
Calm and sunny fully furnished apartment !,€1299,Paris Marcadet Poissonieres Rue Marcadet,https://paris.craigslist.org/apa/d/calm-and-sunny-fully-furnished/6773862130.html,,
Fully equipped ground floor apartment with loft sleeping area,€1190,Paris Miromesnil Champs Elysees - Rue la Boetie,https://paris.craigslist.org/apa/d/fully-equipped-ground-floor-apartment/6773861577.html,,
Well located Studio - 13m2,€750,Paris Bastille - Rue de Charonne,https://paris.craigslist.org/apa/d/well-located-studio-13m2/6773858936.html,,
Charming and quiet studio in a great 17th century convent,€1099,Paris Glaciere - Rue des Tanneries,https://paris.craigslist.org/apa/d/charming-and-quiet-studio-in-great-17th/6773861150.html,,
Fully Furnished 1 Bedroom- 35m2 Apartment!,€1050,Paris Montmartre - Rue Labat-,https://paris.craigslist.org/apa/d/fully-furnished-1-bedroom-35m2-apartment/6773859631.html,,
A 24 sqm studio in Montmartre!,€1090,Paris Abbesses - Rue Durantin,https://paris.craigslist.org/apa/d/24-sqm-studio-in-montmartre/6773860865.html,,1
Apartment studio near Villiers in Paris,€950,17th arrondissement,https://paris.craigslist.org/apa/d/apartment-studio-near-villiers-in-paris/6773818774.html,23,
2 pièces 25m² Rue de la Mare,€900,20ème,https://paris.craigslist.org/apa/d/2-pices-25m-rue-de-la-mare/6773818920.html,25,
"4th district, Studio Rue St Louis en l' Ile",€1300,4th arrondissement,https://paris.craigslist.org/apa/d/4th-district-studio-rue-st-louis-en-ile/6773818765.html,,
"Paris apartment rental on a quiet street, Villa Verlaine",€1350,,https://paris.craigslist.org/apa/d/paris-apartment-rental-on-quiet-street/6773819068.html,40,
Calm and sunny fully furnished apartment,€1299,Paris Marcadet Poissonieres Rue Marcadet,https://paris.craigslist.org/apa/d/calm-and-sunny-fully-furnished-apartment/6773173756.html,,1
3 beds apartment on the 1st floor!,€2799,South-West Issy les Moulineaux - Rue Claude Matrat- 3 Rue Ra,https://paris.craigslist.org/apa/d/3-beds-apartment-on-the-1st-floor/6773204683.html,,
Large One Bedroom - 70m2,€2575,Paris Voltaire - Avenue Parmentier-,https://paris.craigslist.org/apa/d/large-one-bedroom-70m2/6773196248.html,,
- 70m2   Stylish and modern rooftop apartment,€1950,Paris Rambuteau - Rue St Martin,https://paris.craigslist.org/apa/d/70m2-stylish-and-modern-rooftop/6773191681.html,,
Apartment in the heart of Paris!,€1650,Paris Pyrenees Rue des Pyrenees,https://paris.craigslist.org/apa/d/apartment-in-the-heart-of-paris/6773188435.html,,
Furnished 50 m2 apartment with balcony,€1499,Paris Buttes Chaumont- Rue Compans,https://paris.craigslist.org/apa/d/furnished-50-m2-apartment-with-balcony/6773183536.html,,
Nice 2 Bedroom - 65m2 Apartment facing East~,€1850,North-West St Cloud - Residence Beausoleil,https://paris.craigslist.org/apa/d/nice-2-bedroom-65m2-apartment-facing/6773190883.html,,
- 1 Bedroom Apartment Available - 43m2,€1599,Paris Censier Daubenton - Rue du Fer a Moulin,https://paris.craigslist.org/apa/d/1-bedroom-apartment-available-43m2/6773186228.html,,
- 1 Bedroom 2 apartment adjacent to Metro Cambronne,€1550,Paris Cambronne - Villa Croix Nivert,https://paris.craigslist.org/apa/d/1-bedroom-2-apartment-adjacent-to-metro/6773185300.html,,
spacious 1 bedroom  4th floor apartment with elevator,€1499,Paris Victor Hugo - Rue Lauriston,https://paris.craigslist.org/apa/d/spacious-1-bedroom-4th-floor-apartment/6773184129.html,,
Ground floor apartment with loft sleeping area,€1190,Paris Miromesnil Champs Elysees - Rue la Boetie,https://paris.craigslist.org/apa/d/ground-floor-apartment-with-loft/6773173156.html,,
A 24 sqm studio in Montmartre!,€1090,Paris Abbesses - Rue Durantin,https://paris.craigslist.org/apa/d/24-sqm-studio-in-montmartre/6773170364.html,,1
Quiet and Parisian Studio!,€1099,Paris Glaciere - Rue des Tanneries,https://paris.craigslist.org/apa/d/quiet-and-parisian-studio/6773171335.html,,
Apartment next to Montmartre and Sacré Coeur,€1050,Paris Montmartre - Rue Labat-,https://paris.craigslist.org/apa/d/apartment-next-to-montmartre-and-sacr/6773168952.html,,
- Studio  with a large terrace - 15m2,€800,Paris Passy - Rue Benjamin Franklin,https://paris.craigslist.org/apa/d/studio-with-large-terrace-15m2/6773167809.html,,
Compact Studio - 13m2,€750,Paris Bastille - Rue de Charonne,https://paris.craigslist.org/apa/d/compact-studio-13m2/6773166504.html,,
Secure underground parking place.,€60,Paris,https://paris.craigslist.org/apa/d/secure-underground-parking-place/6773165721.html,,
Charmant studio meublé 25m² Paris 20ième,€500,Paris,https://paris.craigslist.org/apa/d/charmant-studio-meubl-25m-paris-20ime/6773143561.html,25,
"PROMO ! last minute ! 2 rooms,Wifi , quiet , all equipted",€780,"montorgueil , Beaubourg ,le Louvre",https://paris.craigslist.org/apa/d/promo-last-minute-2-roomswifi-quiet-all/6764129397.html,60,1
"PROMO ! last minute ! 2 arrdt ,Wifi , quiet , all equipted",€780,"le Louvre,LaCanopée ,les halles,la seine",https://paris.craigslist.org/apa/d/promo-last-minute-2-arrdt-wifi-quiet/6773070327.html,60,1
Charming 3 Bedroom - 110m2 Apartment!,€4200,Paris Sevres Babylone Bon Marche,https://paris.craigslist.org/apa/d/charming-3-bedroom-110m2-apartment/6772463879.html,,
Appartement à Quartier Latin à Paris,€4000,,https://paris.craigslist.org/apa/d/appartement-quartier-latin-paris/6772462362.html,95,
Beautiful 2 Bedroom Apartment- 84m2,€2299,Paris Wagram - Rue Philibert Delorme,https://paris.craigslist.org/apa/d/beautiful-2-bedroom-apartment-84m2/6772454347.html,,
Apartment studio near Marais in Paris,€960,4th arrondissement,https://paris.craigslist.org/apa/d/apartment-studio-near-marais-in-paris/6772461976.html,21,
3 Bedroom  apartment with balcony and view over Paris.,€2999,North-West St Cloud - Allee Florent Schmitt -,https://paris.craigslist.org/apa/d/3-bedroom-apartment-with-balcony-and/6772461812.html,,
Perfect apartment! in a family friendly private street,€2799,South-West Issy les Moulineaux - Rue Claude Matrat- 3 Rue Ra,https://paris.craigslist.org/apa/d/perfect-apartment-in-family-friendly/6772460329.html,,
Large one bedroom 70m2 apartment!,€2575,Paris Voltaire - Avenue Parmentier,https://paris.craigslist.org/apa/d/large-one-bedroom-70m2-apartment/6772456487.html,,
- Studio - One block from metro Rambuteau!,€1699,Paris Marais - Rue des Haudriettes,https://paris.craigslist.org/apa/d/studio-one-block-from-metro-rambuteau/6772434426.html,,
Fifth floor apartment without elevator**,€1475,Paris Reaumur - Sebastopol- Rue St Denis,https://paris.craigslist.org/apa/d/fifth-floor-apartment-without-elevator/6772410826.html,,1
- 70m2.. Stylish and modern rooftop apartment,€1950,Paris Rambuteau - Rue St Martin,https://paris.craigslist.org/apa/d/70m2-stylish-and-modern-rooftop/6772438923.html,,
2 beds with plenty of storage!,€1850,North-West St Cloud - Residence Beausoleil,https://paris.craigslist.org/apa/d/2-beds-with-plenty-of-storage/6772435949.html,,
Spacious Apartment!,€1650,Paris Pyrenees Rue des Pyrenees,https://paris.craigslist.org/apa/d/spacious-apartment/6772432247.html,,
"Beautiful, fully equipped 1 Bedroom apartment!",€1460,Paris Dupleix - Boulevard de Grenelle,https://paris.craigslist.org/apa/d/beautiful-fully-equipped-1-bedroom/6772408424.html,,
Amazing loft apartment with beautiful courtyard!,€1650,Paris Ledru Rollin - Rue Faubourg St Antoine,https://paris.craigslist.org/apa/d/amazing-loft-apartment-with-beautiful/6772426726.html,,
Furnished 1 Bedroom Apartment! 43m2,€1599,Paris Censier Daubenton - Rue du Fer a Moulin,https://paris.craigslist.org/apa/d/furnished-1-bedroom-apartment-43m2/6772424979.html,,
- 1 Bedroom apartment adjacent to Metro Cambronne!,€1550,Paris Cambronne - Villa Croix Nivert,https://paris.craigslist.org/apa/d/1-bedroom-apartment-adjacent-to-metro/6772423623.html,,
Spacious 1 Bedroom Apartment - 36m2,€1499,Paris Victor Hugo - Rue Lauriston -,https://paris.craigslist.org/apa/d/spacious-1-bedroom-apartment-36m2/6772417085.html,,
Apartment In a quiet residence!,€1499,Paris Buttes Chaumont- Rue Compans,https://paris.craigslist.org/apa/d/apartment-in-quiet-residence/6772415864.html,,
Charming Studio Apartment @ 32m2,€1099,Paris Glaciere - Rue des Tanneries,https://paris.craigslist.org/apa/d/charming-studio-apartment-32m2/6772397311.html,,
Studio apartment w/ hardwood floors!,€750,Paris Bastille - Rue de Charonne,https://paris.craigslist.org/apa/d/studio-apartment-hardwood-floors/6772391894.html,,
Fully equipped ground floor apartment with loft sleeping area!,€1190,Paris Miromesnil Champs Elysees - Rue la Boetie,https://paris.craigslist.org/apa/d/fully-equipped-ground-floor-apartment/6772399333.html,,
Calm and sunny fully furnished apartment !,€1299,Paris Marcadet Poissonieres Rue Marcadet,https://paris.craigslist.org/apa/d/calm-and-sunny-fully-furnished/6772402204.html,,
Fully Furnished 1 Bedroom Apartment!,€1050,Paris Montmartre - Rue Labat,https://paris.craigslist.org/apa/d/fully-furnished-1-bedroom-apartment/6772394344.html,,
Studio - 15m2** Apartment!,€800,Paris Passy - Rue Benjamin Franklin,https://paris.craigslist.org/apa/d/studio-15m2-apartment/6772393195.html,,
A 24 sqm studio in Montmartre!,€1090,Paris Abbesses - Rue Durantin,https://paris.craigslist.org/apa/d/24-sqm-studio-in-montmartre/6772395453.html,,1
Paris apartment rental near Notre Dame,€1242,"Rue Monge, 5th arrondissement",https://paris.craigslist.org/apa/d/paris-apartment-rental-near-notre-dame/6772367448.html,33,
Studio à Strasbourg Saint Denis à Paris,€850,10ème arrondissement,https://paris.craigslist.org/apa/d/studio-strasbourg-saint-denis-paris/6772360606.html,16,
Furnished 2BR apartment (46sqm) rue Berzélius,€1550,Paris 17th arrondissement,https://paris.craigslist.org/apa/d/furnished-2br-apartment-46sqm-rue/6772364945.html,46,
"2ème arrondissement, Studio rue de Richelieu",€900,2ème arrondissement,https://paris.craigslist.org/apa/d/2me-arrondissement-studio-rue-de/6772361528.html,18,
Nice and spacious stuido apartment availabe at 7th Arrondissement,€400,7th Arrondissement,https://paris.craigslist.org/apa/d/nice-and-spacious-stuido-apartment/6772339737.html,,1
Appartement à Champ de Mars,€1450,7ème arrondissement,https://paris.craigslist.org/apa/d/appartement-champ-de-mars/6772324965.html,37,
"1BR (26sqm), Rue des Roses",€900,18th arrondissement,https://paris.craigslist.org/apa/d/1br-26sqm-rue-des-roses/6772325023.html,26,
"Paris apartment rental on a quiet street, Villa Verlaine",€1350,,https://paris.craigslist.org/apa/d/paris-apartment-rental-on-quiet-street/6772324908.html,40,
Apartment studio near Villiers in Paris,€950,17th arrondissement,https://paris.craigslist.org/apa/d/apartment-studio-near-villiers-in-paris/6771795071.html,23,
Paris apartment rental near Martyrs,€1800,,https://paris.craigslist.org/apa/d/paris-apartment-rental-near-martyrs/6771767594.html,63,
Charming studio near Boulainvilliers,€950,16th arrondissement,https://paris.craigslist.org/apa/d/charming-studio-near-boulainvilliers/6771768970.html,15,
Paris apartment rental near Dupleix,€3495,,https://paris.craigslist.org/apa/d/paris-apartment-rental-near-dupleix/6771778037.html,107,
Studio Apartment One block from metro Rambuteau,€1699,Paris Marais - Rue des Haudriettes -,https://paris.craigslist.org/apa/d/studio-apartment-one-block-from-metro/6771607922.html,,
3 Bedroom Classic Apartment!,€4200,Paris Sevres Babylone Bon Marche,https://paris.craigslist.org/apa/d/3-bedroom-classic-apartment/6771633407.html,,
Apartment with balcony and view over Paris.,€2999,North-West St Cloud - Allee Florent Schmitt,https://paris.craigslist.org/apa/d/apartment-with-balcony-and-view-over/6771631074.html,,
Seventh floor 1 bedroom apartment!,€2299,Paris Wagram - Rue Philibert Delorme,https://paris.craigslist.org/apa/d/seventh-floor-1-bedroom-apartment/6771619849.html,,
Nice Apartment:  1 Bedroom - 57m2,€1650,Paris Ledru Rollin - Rue Faubourg St Antoine,https://paris.craigslist.org/apa/d/nice-apartment-1-bedroom-57m2/6771603399.html,,
CHarming  3 bed Apartment on the 1st floor!,€2799,South-West Issy les Moulineaux - Rue Claude Matrat- 3 Rue Ra,https://paris.craigslist.org/apa/d/charming-3-bed-apartment-on-the-1st/6771627248.html,,
- 70m2 Stylish and modern rooftop apartment!,€1950,Paris Rambuteau - Rue St Martin,https://paris.craigslist.org/apa/d/70m2-stylish-and-modern-rooftop/6771616040.html,,
Very Bright Apartment { 2 Bedroom - 65m2},€1850,North-West St Cloud - Residence Beausoleil,https://paris.craigslist.org/apa/d/very-bright-apartment-2-bedroom-65m2/6771613755.html,,
Charming 5th floor Apartment*,€1475,Paris Reaumur - Sebastopol- Rue St Denis,https://paris.craigslist.org/apa/d/charming-5th-floor-apartment/6771591019.html,,1
Apartment near the Eiffel Tower**,€1690,Paris Avenue Emile Zola - Rue Violet,https://paris.craigslist.org/apa/d/apartment-near-the-eiffel-tower/6771606163.html,,
Furnished Apartment>> 1 Bedroom - 43m2,€1599,Paris Censier Daubenton - Rue du Fer a Moulin,https://paris.craigslist.org/apa/d/furnished-apartment-1-bedroom-43m2/6771601953.html,,
Furnished/ Unfurnished 2 Beds flat~,€1490,Paris Gare du Nord - Marx Dormoy- Rue Philippe de Girard,https://paris.craigslist.org/apa/d/furnished-unfurnished-2-beds-flat/6771594028.html,,
- 1 Bedroom  apartment adjacent to Metro Cambronne-,€1550,Paris Cambronne - Villa Croix Nivert,https://paris.craigslist.org/apa/d/1-bedroom-apartment-adjacent-to-metro/6771600432.html,,
Apartment  in the the center of Paris!,€1399,Paris Chatelet - Rivoli,https://paris.craigslist.org/apa/d/apartment-in-the-the-center-of-paris/6771589934.html,,
spacious 1 bedroom  4th floor apartment with elevator,€1499,Paris Victor Hugo - Rue Lauriston,https://paris.craigslist.org/apa/d/spacious-1-bedroom-4th-floor-apartment/6771594909.html,,
Fully furnished 1 Bedroom apartment !,€1050,Paris Montmartre - Rue Labat,https://paris.craigslist.org/apa/d/fully-furnished-1-bedroom-apartment/6771585318.html,,
Studio with a large terrace!,€800,Paris Passy - Rue Benjamin Franklin,https://paris.craigslist.org/apa/d/studio-with-large-terrace/6771584164.html,,
Apartment  near the Champs Elysées,€1190,Paris Miromesnil Champs Elysees - Rue la Boetie,https://paris.craigslist.org/apa/d/apartment-near-the-champs-elyses/6771588330.html,,
- Studio apartment in a great location-,€750,Paris Bastille - Rue de Charonne,https://paris.craigslist.org/apa/d/studio-apartment-in-great-location/6771582790.html,,
A 24 sqm studio in Montmartre!,€1090,Paris Abbesses - Rue Durantin,https://paris.craigslist.org/apa/d/24-sqm-studio-in-montmartre/6771586417.html,,1
Studio - 17ème - available this Saturday 15 Dec,€850,rue Pouchet,https://paris.craigslist.org/apa/d/studio-17me-available-this-saturday-15/6771583999.html,,1
"Studio mezzanine (21m²), proche Notre-Dame, Quai de la Tournelle",€1250,5ème arrondissement,https://paris.craigslist.org/apa/d/studio-mezzanine-21m-proche-notre-dame/6771560625.html,21,
Elegant Studio apartment heart of Paris,€400,5th arrondissements,https://paris.craigslist.org/apa/d/elegant-studio-apartment-heart-of-paris/6771549775.html,,1
Studio apartment availbale at 1st Arrondissement,€350,1st Arrondissement,https://paris.craigslist.org/apa/d/studio-apartment-availbale-at-1st/6771545331.html,,1
"4th district, Studio Rue St Louis en l' Ile",€1300,4th arrondissement,https://paris.craigslist.org/apa/d/4th-district-studio-rue-st-louis-en-ile/6771548082.html,,
----Tidy 1-BEDROOM APARTMENT FOR RENT,€400,rue du Faubourg du Temple,https://paris.craigslist.org/apa/d/tidy-1-bedroom-apartment-for-rent/6748196271.html,,1
Furnished 2BR apartment (46sqm) rue Berzélius,€1550,Paris 17th arrondissement,https://paris.craigslist.org/apa/d/furnished-2br-apartment-46sqm-rue/6771532750.html,46,
Your flat in Paris for a long term stay,,,https://paris.craigslist.org/apa/d/your-flat-in-paris-for-long-term-stay/6771475755.html,,
"1BR (26sqm), Rue des Roses",€900,18th arrondissement,https://paris.craigslist.org/apa/d/1br-26sqm-rue-des-roses/6771476843.html,26,
"1BR, 50sqm, avenue du General Leclerc",€1600,14th arrondissement,https://paris.craigslist.org/apa/d/1br-50sqm-avenue-du-general-leclerc/6771474619.html,50,
Appartement à Champ de Mars,€1450,7ème arrondissement,https://paris.craigslist.org/apa/d/appartement-champ-de-mars/6771474562.html,37,
Spacious and cosy loft apartment in the 11th district,€1800,Paris,https://paris.craigslist.org/apa/d/spacious-and-cosy-loft-apartment-in-the/6771475258.html,67,3
"Joli studio à louer en plein coeur de Paris, bld Saint Germain",€950,Paris,https://paris.craigslist.org/apa/d/joli-studio-louer-en-plein-coeur-de/6771064215.html,18,
Paris apartment rental near Madeleine,€3775,,https://paris.craigslist.org/apa/d/paris-apartment-rental-near-madeleine/6770972334.html,100,
Appartement à Champ de Mars à Paris,€1450,7ème arrondissement,https://paris.craigslist.org/apa/d/appartement-champ-de-mars-paris/6770970699.html,37,
"2ème arrondissement, Studio rue de Richelieu",€900,2ème arrondissement,https://paris.craigslist.org/apa/d/2me-arrondissement-studio-rue-de/6770967152.html,18,
Appartement à La Villette à Paris,€1127,19ème arrondissement,https://paris.craigslist.org/apa/d/appartement-la-villette-paris/6770964926.html,35,
Apartment in Paris for monthly rental,,Paris,https://paris.craigslist.org/apa/d/apartment-in-paris-for-monthly-rental/6770953335.html,,
Appartement à Auteuil à Paris,€1500,16ème arrondissement,https://paris.craigslist.org/apa/d/appartement-auteuil-paris/6770939170.html,36,
"Studio 20 sqm, rue de la Fontaine au Roi",€1065,11th arrondissement,https://paris.craigslist.org/apa/d/studio-20-sqm-rue-de-la-fontaine-au-roi/6770941105.html,20,
Sub-let - 17ème - Saturday 15th for four weeks,€850,rue Pouchet,https://paris.craigslist.org/apa/d/sub-let-17me-saturday-15th-for-four/6770872725.html,20,1
- 3 Bedroom apartment with balcony and view over Paris,€2999,North-West St Cloud - Allee Florent Schmitt,https://paris.craigslist.org/apa/d/3-bedroom-apartment-with-balcony-and/6770869550.html,,
Very Nice 3 bedroom Apartment!,€2799,South-West Issy les Moulineaux - Rue Claude Matrat- 3 Rue Ra,https://paris.craigslist.org/apa/d/very-nice-3-bedroom-apartment/6770867370.html,,
Charming 2 Bedroom Apartment!,€2699,Paris Saint Michel - Rue Git le Coeur,https://paris.craigslist.org/apa/d/charming-2-bedroom-apartment/6770843280.html,,
2 Bedroom  apartment with elevator and balcony,€2299,Paris Wagram - Rue Philibert Delorme -,https://paris.craigslist.org/apa/d/2-bedroom-apartment-with-elevator-and/6770839636.html,,
Amazing loft apartment with beautiful courtyard!,€1650,Paris Ledru Rollin - Rue Faubourg St Antoine,https://paris.craigslist.org/apa/d/amazing-loft-apartment-with-beautiful/6770821081.html,,
Fully equipped ground floor apartment with loft sleeping area!,€1190,Paris Miromesnil Champs Elysees - Rue la Boetie,https://paris.craigslist.org/apa/d/fully-equipped-ground-floor-apartment/6770801701.html,,
- Studio - One block from metro Rambuteau (55m2),€1699,Paris Marais - Rue des Haudriettes,https://paris.craigslist.org/apa/d/studio-one-block-from-metro-rambuteau/6770826884.html,,
Stylish and modern rooftop apartment with terrace,€1950,Paris Rambuteau - Rue St Martin,https://paris.craigslist.org/apa/d/stylish-and-modern-rooftop-apartment/6770837103.html,,
5th floor charming apartment!,€1475,Paris Reaumur - Sebastopol- Rue St Denis,https://paris.craigslist.org/apa/d/5th-floor-charming-apartment/6770807485.html,,1
Quiet Apartment! (balconies facing garden),€1850,North-West St Cloud - Residence Beausoleil,https://paris.craigslist.org/apa/d/quiet-apartment-balconies-facing-garden/6770832814.html,,
Apartment with 2 outdoor balconies and a nice Paris view!,€1690,Paris Avenue Emile Zola - Rue Violet,https://paris.craigslist.org/apa/d/apartment-with-2-outdoor-balconies-and/6770824395.html,,
Studio Apartment in a Pleasant neighbor!,€750,Paris Bastille - Rue de Charonne,https://paris.craigslist.org/apa/d/studio-apartment-in-pleasant-neighbor/6770796753.html,,
Perfect/Renovated 1 Bedroom Apartment!,€1599,Paris Censier Daubenton - Rue du Fer a Moulin,https://paris.craigslist.org/apa/d/perfect-renovated-1-bedroom-apartment/6770817105.html,,
Fully Furnished 1 Bedroom Apartment**,€1050,Paris Montmartre - Rue Labat,https://paris.craigslist.org/apa/d/fully-furnished-1-bedroom-apartment/6770798970.html,,
Apartment adjacent to Metro Cambronne!,€1550,Paris Cambronne - Villa Croix Nivert,https://paris.craigslist.org/apa/d/apartment-adjacent-to-metro-cambronne/6770815009.html,,
Available for furnished/unfurnished apartment!,€1490,Paris Gare du Nord - Marx Dormoy- Rue Philippe de Girard,https://paris.craigslist.org/apa/d/available-for-furnished-unfurnished/6770809942.html,,
Apartment Located in the the center of Paris!,€1399,Paris Chatelet - Rivoli,https://paris.craigslist.org/apa/d/apartment-located-in-the-the-center-of/6770804969.html,,1
Newly Painted Apartment!,€1499,Paris Victor Hugo - Rue Lauriston,https://paris.craigslist.org/apa/d/newly-painted-apartment/6770812736.html,,
** Studio with elevator !,€800,Paris Passy - Rue Benjamin Franklin,https://paris.craigslist.org/apa/d/studio-with-elevator/6770797847.html,,
: Sunny Apartment!,€1249,Paris Pernety - Rue Boyer Barret,https://paris.craigslist.org/apa/d/sunny-apartment/6770803079.html,,1
A 24 sqm studio in Montmartre! {1-bed},€1090,Paris Abbesses - Rue Durantin,https://paris.craigslist.org/apa/d/24-sqm-studio-in-montmartre-1-bed/6770800169.html,,
This Beautiful Studio apt available in 7th arrondissement,€450,7th arrondissement,https://paris.craigslist.org/apa/d/this-beautiful-studio-apt-available-in/6770745879.html,,1
A superb furnished apt studio in Paris,€450,6th Arrondissement,https://paris.craigslist.org/apa/d/superb-furnished-apt-studio-in-paris/6770740848.html,,1
Paris apartment rental near Dupleix,€3495,,https://paris.craigslist.org/apa/d/paris-apartment-rental-near-dupleix/6770750620.html,107,
"Studio mezzanine (21m²), proche Notre-Dame, Quai de la Tournelle",€1250,5ème arrondissement,https://paris.craigslist.org/apa/d/studio-mezzanine-21m-proche-notre-dame/6770750720.html,21,
Appartement à Champ de Mars à Paris,€1450,7ème arrondissement,https://paris.craigslist.org/apa/d/appartement-champ-de-mars-paris/6770730909.html,37,
"4th district, Studio Rue St Louis en l' Ile",€1300,4th arrondissement,https://paris.craigslist.org/apa/d/4th-district-studio-rue-st-louis-en-ile/6770730999.html,,
Paris apartment rental near Parmentier,€950,11th arrondissement,https://paris.craigslist.org/apa/d/paris-apartment-rental-near-parmentier/6770662435.html,30,
Apartment studio near Convention in Paris,€1000,15th arrondissement,https://paris.craigslist.org/apa/d/apartment-studio-near-convention-in/6770666231.html,30,
Paris apartment rental near Invalides,€2100,7th arrondissement,https://paris.craigslist.org/apa/d/paris-apartment-rental-near-invalides/6770664703.html,58,
Paris duplex apartment rental near Les Halles,€990,2nd arrondissement,https://paris.craigslist.org/apa/d/paris-duplex-apartment-rental-near-les/6770667209.html,18,
Paris apartment rental near Dupleix,€3495,,https://paris.craigslist.org/apa/d/paris-apartment-rental-near-dupleix/6770129431.html,107,
Montmartre Fully Furnished Fully Equiped,€900,Paris,https://paris.craigslist.org/apa/d/montmartre-fully-furnished-fully-equiped/6770143830.html,350,
"2ème arrondissement, Studio rue de Richelieu",€900,2ème arrondissement,https://paris.craigslist.org/apa/d/2me-arrondissement-studio-rue-de/6770130707.html,18,
Quiet 3 bedroom Apartment!,€2799,South-West Issy les Moulineaux - Rue Claude Matrat- 3 Rue Ra,https://paris.craigslist.org/apa/d/quiet-3-bedroom-apartment/6770052560.html,,
Amazing loft apartment with beautiful courtyard!,€1650,Paris Ledru Rollin - Rue Faubourg St Antoine,https://paris.craigslist.org/apa/d/amazing-loft-apartment-with-beautiful/6769960443.html,,
- 70m2/ Stylish and modern rooftop apartment!,€1950,Paris Rambuteau - Rue St Martin,https://paris.craigslist.org/apa/d/70m2-stylish-and-modern-rooftop/6769968000.html,,
Apartment  in a very convenient location,€1850,North-West St Cloud - Residence Beausoleil,https://paris.craigslist.org/apa/d/apartment-in-very-convenient-location/6769966642.html,,
Apartment  with 2 outdoor balconies and a nice Paris view!,€1690,Paris Avenue Emile Zola - Rue Violet,https://paris.craigslist.org/apa/d/apartment-with-2-outdoor-balconies-and/6769962247.html,,
Beautiful 2 Bedroom Apartment!,€1490,Paris Gare du Nord - Marx Dormoy- Rue Philippe de Girard,https://paris.craigslist.org/apa/d/beautiful-2-bedroom-apartment/6769953185.html,,
Lovely 1 Bedroom - 37m2 Apartment!,€1249,Paris Pernety - Rue Boyer Barret,https://paris.craigslist.org/apa/d/lovely-1-bedroom-37m2-apartment/6769949148.html,,
Apartment ** 1 Bedroom ** On a prime spot!,€1399,Paris Chatelet - Rivoli,https://paris.craigslist.org/apa/d/apartment-1-bedroom-on-prime-spot/6769950374.html,,
Furnished 1 Bedroom Apartment @ 43m2,€1599,Paris Censier Daubenton - Rue du Fer a Moulin,https://paris.craigslist.org/apa/d/furnished-1-bedroom-apartment-43m2/6769958824.html,,
Apartment in the prestigious 16th district of Paris!,€1499,Paris Victor Hugo - Rue Lauriston -,https://paris.craigslist.org/apa/d/apartment-in-the-prestigious-16th/6769954018.html,,
- 1 Bedroom  apartment adjacent to Metro Cambronne,€1550,Paris Cambronne - Villa Croix Nivert,https://paris.craigslist.org/apa/d/1-bedroom-apartment-adjacent-to-metro/6769955296.html,,
Studio apartment in a great location!!!,€750,Paris Bastille - Rue de Charonne,https://paris.craigslist.org/apa/d/studio-apartment-in-great-location/6769941323.html,,
Charming Apartment! ** 1 Bedroom - 24m2,€1090,Paris Abbesses - Rue Durantin,https://paris.craigslist.org/apa/d/charming-apartment-1-bedroom-24m2/6769946672.html,,
Secure underground parking place.,€60,Paris,https://paris.craigslist.org/apa/d/secure-underground-parking-place/6769939798.html,,
*All Furnished Studio * - 15m2,€800,Paris Passy - Rue Benjamin Franklin,https://paris.craigslist.org/apa/d/all-furnished-studio-15m2/6769942852.html,,
Apartment Montmartre and Sacré Coeur!,€1050,Paris Montmartre - Rue Labat-,https://paris.craigslist.org/apa/d/apartment-montmartre-and-sacr-coeur/6769943820.html,,
Beautiful Studio with loft in 3rd Arrondissement,€500,3rd Arrondissement,https://paris.craigslist.org/apa/d/beautiful-studio-with-loft-in-3rd/6769914803.html,,1
"4th district, Studio Rue St Louis en l' Ile",€1300,4th arrondissement,https://paris.craigslist.org/apa/d/4th-district-studio-rue-st-louis-en-ile/6769918847.html,,
Appartement à Champ de Mars à Paris,€1450,7ème arrondissement,https://paris.craigslist.org/apa/d/appartement-champ-de-mars-paris/6769918732.html,37,
Amazing studio / Amazing studio in Rue du Temple,€500,4th Arrondissement,https://paris.craigslist.org/apa/d/amazing-studio-amazing-studio-in-rue-du/6769912038.html,,1
SUNNY SUBLET:BRIGHT & SPACIOUS  WITH LOVELY VIEW,€1045,metro PARMENTIER,https://paris.craigslist.org/apa/d/sunny-subletbright-spacious-with-lovely/6769901829.html,27,1
Paris apartment rental near Martyrs,€1800,,https://paris.craigslist.org/apa/d/paris-apartment-rental-near-martyrs/6769898608.html,63,
Grand 2 pièces de 50sqm rue d'Hauteville,€1800,10ème arrondissement,https://paris.craigslist.org/apa/d/grand-2-pices-de-50sqm-rue-dhauteville/6769898666.html,50,
Paris apartment rental near Notre Dame,€1242,"Rue Monge, 5th arrondissement",https://paris.craigslist.org/apa/d/paris-apartment-rental-near-notre-dame/6769879447.html,33,
Apartment studio near Marais in Paris,€960,4th arrondissement,https://paris.craigslist.org/apa/d/apartment-studio-near-marais-in-paris/6769878479.html,21,
"Paris apartment rental on a quiet street, Villa Verlaine",€1350,,https://paris.craigslist.org/apa/d/paris-apartment-rental-on-quiet-street/6769875209.html,40,
Appartement à La Villette à Paris,€1127,19ème arrondissement,https://paris.craigslist.org/apa/d/appartement-la-villette-paris/6769874876.html,35,
"1BR (26sqm), Rue des Roses",€900,18th arrondissement,https://paris.craigslist.org/apa/d/1br-26sqm-rue-des-roses/6769278486.html,26,
Spacious 3 Bedroom Apartment!,€4200,Paris Sevres Babylone Bon Marche -,https://paris.craigslist.org/apa/d/spacious-3-bedroom-apartment/6769135324.html,,
Studio Apartment! One block from metro Rambuteau!,€1699,Paris Marais - Rue des Haudriettes -,https://paris.craigslist.org/apa/d/studio-apartment-one-block-from-metro/6769102515.html,,
- 3 Bedroom apartment with balcony and view over Paris.,€2999,North-West St Cloud - Allee Florent Schmitt,https://paris.craigslist.org/apa/d/3-bedroom-apartment-with-balcony-and/6769129365.html,,
3 beds apartment in a  family friendly private street !,€2799,South-West Issy les Moulineaux - Rue Claude Matrat- 3 Rue Ra,https://paris.craigslist.org/apa/d/3-beds-apartment-in-family-friendly/6769127557.html,,
- 2 Bedroom apartment with elevator and balcony,€2299,Paris Wagram - Rue Philibert Delorme,https://paris.craigslist.org/apa/d/2-bedroom-apartment-with-elevator-and/6769109533.html,,
Stylish and modern rooftop apartment!,€1950,Paris Rambuteau - Rue St Martin -,https://paris.craigslist.org/apa/d/stylish-and-modern-rooftop-apartment/6769108161.html,,
Amazing loft apartment with beautiful courtyard!,€1650,Paris Ledru Rollin - Rue Faubourg St Antoine,https://paris.craigslist.org/apa/d/amazing-loft-apartment-with-beautiful/6769099462.html,,
Very Bright 2 Bedroom Apartment!,€1850,North-West St Cloud - Residence Beausoleil,https://paris.craigslist.org/apa/d/very-bright-2-bedroom-apartment/6769103986.html,,
Lovely 2 Bedroom Apartment!,€1490,Paris Gare du Nord - Marx Dormoy- Rue Philippe de Girard,https://paris.craigslist.org/apa/d/lovely-2-bedroom-apartment/6769093276.html,,
Apartment near the Eiffel Tower!,€1690,Paris Avenue Emile Zola - Rue Violet,https://paris.craigslist.org/apa/d/apartment-near-the-eiffel-tower/6769101074.html,,
Renovated Apartment: 1 Bedroom - 43m2,€1599,Paris Censier Daubenton - Rue du Fer a Moulin,https://paris.craigslist.org/apa/d/renovated-apartment-1-bedroom-43m2/6769098376.html,,
Apartment  in the prestigious 16th district of Paris,€1499,Paris Victor Hugo - Rue Lauriston,https://paris.craigslist.org/apa/d/apartment-in-the-prestigious-16th/6769095852.html,,1
"Gorgeous 1 Bedroom - 45m2, Apartment!",€1550,Paris Cambronne - Villa Croix Nivert,https://paris.craigslist.org/apa/d/gorgeous-1-bedroom-45m2-apartment/6769096992.html,,
- Studio  apartment in a great location-,€750,Paris Bastille - Rue de Charonne,https://paris.craigslist.org/apa/d/studio-apartment-in-great-location/6769080543.html,,
Apartment in the center of Paris!,€1399,Paris Chatelet - Rivoli,https://paris.craigslist.org/apa/d/apartment-in-the-center-of-paris/6769089237.html,,
SUnny 1 Bedroom - 37m2** Apartment!,€1249,Paris Pernety - Rue Boyer Barret -,https://paris.craigslist.org/apa/d/sunny-1-bedroom-37m2-apartment/6769087673.html,,
Apartment with loft sleeping area,€1190,Paris Miromesnil Champs Elysees - Rue la Boetie,https://paris.craigslist.org/apa/d/apartment-with-loft-sleeping-area/6769086741.html,,
Furnished 1 Bedroom Apartment!,€1050,Paris Montmartre - Rue Labat-,https://paris.craigslist.org/apa/d/furnished-1-bedroom-apartment/6769083958.html,,
A 24 sqm studio in Montmartre!,€1090,Paris Abbesses - Rue Durantin -,https://paris.craigslist.org/apa/d/24-sqm-studio-in-montmartre/6769085560.html,,1
- Studio with a large terrace-,€800,Paris Passy - Rue Benjamin Franklin,https://paris.craigslist.org/apa/d/studio-with-large-terrace/6769081280.html,,
"4th district, Studio Rue St Louis en l' Ile",€1300,4th arrondissement,https://paris.craigslist.org/apa/d/4th-district-studio-rue-st-louis-en-ile/6769080613.html,,
Furnished 2BR apartment (46sqm) rue Berzélius,€1550,Paris 17th arrondissement,https://paris.craigslist.org/apa/d/furnished-2br-apartment-46sqm-rue/6769080959.html,46,
Furnished Studio Apartment in heart of Paris,€400,6th Arrondissement,https://paris.craigslist.org/apa/d/furnished-studio-apartment-in-heart-of/6769050499.html,,1
Paris apartment rental near Mirabeau,€279,16th arrondissement,https://paris.craigslist.org/apa/d/paris-apartment-rental-near-mirabeau/6769058658.html,70,
Apartment studio near Marais in Paris,€960,4th arrondissement,https://paris.craigslist.org/apa/d/apartment-studio-near-marais-in-paris/6769058342.html,21,
Lovely Studio Apt Available in rue du Temple 4th Arrondissement,€500,4th Arrondissement,https://paris.craigslist.org/apa/d/lovely-studio-apt-available-in-rue-du/6769048335.html,,1
"Appartement 2 chambres, Rue Custine",€1990,18ème arrondissement,https://paris.craigslist.org/apa/d/appartement-2-chambres-rue-custine/6769036870.html,57,
"1BR, 50sqm, avenue du General Leclerc",€1600,14th arrondissement,https://paris.craigslist.org/apa/d/1br-50sqm-avenue-du-general-leclerc/6769036788.html,50,
"Paris apartment rental on a quiet street, Villa Verlaine",€1350,,https://paris.craigslist.org/apa/d/paris-apartment-rental-on-quiet-street/6769036561.html,40,
Appartement à La Villette à Paris,€1127,19ème arrondissement,https://paris.craigslist.org/apa/d/appartement-la-villette-paris/6769036499.html,35,
"1BR (26sqm), Rue des Roses",€900,18th arrondissement,https://paris.craigslist.org/apa/d/1br-26sqm-rue-des-roses/6768461807.html,26,
Apartment studio near Marais in Paris,€960,4th arrondissement,https://paris.craigslist.org/apa/d/apartment-studio-near-marais-in-paris/6768456926.html,21,
"Studio mezzanine (21m²), proche Notre-Dame, Quai de la Tournelle",€1250,5ème arrondissement,https://paris.craigslist.org/apa/d/studio-mezzanine-21m-proche-notre-dame/6768456524.html,21,
- Studio - One block from metro Rambuteau,€1699,Paris Marais - Rue des Haudriettes,https://paris.craigslist.org/apa/d/studio-one-block-from-metro-rambuteau/6768429640.html,,
Seventh floor 1 bedroom apartment with elevator and balcony,€2299,Paris Wagram - Rue Philibert Delorme,https://paris.craigslist.org/apa/d/seventh-floor-1-bedroom-apartment-with/6768433874.html,,
; 2 Beds Apartment with an open kitchen!,€1490,Paris Gare du Nord - Marx Dormoy- Rue Philippe de Girard,https://paris.craigslist.org/apa/d/2-beds-apartment-with-an-open-kitchen/6768423651.html,,
- 70m2 Stylish and modern rooftop apartment!,€1950,Paris Rambuteau - Rue St Martin,https://paris.craigslist.org/apa/d/70m2-stylish-and-modern-rooftop/6768433294.html,,
Perfect 1 Bedroom - 30m2 on a prime spot!,€1399,Paris Chatelet - Rivoli,https://paris.craigslist.org/apa/d/perfect-1-bedroom-30m2-on-prime-spot/6768420726.html,,
2 Bedroom flat* in a very convenient location!,€1850,North-West St Cloud - Residence Beausoleil,https://paris.craigslist.org/apa/d/2-bedroom-flat-in-very-convenient/6768430396.html,,
Conveniently-located Apartment,€1690,Paris Avenue Emile Zola - Rue Violet,https://paris.craigslist.org/apa/d/conveniently-located-apartment/6768429080.html,,1
Renovated/Furnished 1 Bedroom - 43m2,€1599,Paris Censier Daubenton - Rue du Fer a Moulin,https://paris.craigslist.org/apa/d/renovated-furnished-1-bedroom-43m2/6768427534.html,,
Apartment adjacent to Metro Cambronne*****,€1550,Paris Cambronne - Villa Croix Nivert -,https://paris.craigslist.org/apa/d/apartment-adjacent-to-metro-cambronne/6768425728.html,,
Spacious 1 Bedroom Apartment! - 36m2,€1499,Paris Victor Hugo - Rue Lauriston,https://paris.craigslist.org/apa/d/spacious-1-bedroom-apartment-36m2/6768424190.html,,
1 Bedroom apartment in Pernety!,€1249,Paris Pernety - Rue Boyer Barret -,https://paris.craigslist.org/apa/d/1-bedroom-apartment-in-pernety/6768419970.html,,
Charming 1 Bedroom Apartment!,€1090,Paris Abbesses - Rue Durantin -,https://paris.craigslist.org/apa/d/charming-1-bedroom-apartment/6768418545.html,,
House à Place d'Italie,€1650,13ème arrondissement,https://paris.craigslist.org/apa/d/house-place-ditalie/6768399334.html,60,
"4th district, Studio Rue St Louis en l' Ile",€1300,4th arrondissement,https://paris.craigslist.org/apa/d/4th-district-studio-rue-st-louis-en-ile/6768357214.html,,
2 pièces 25m² Rue de la Mare,€900,20ème,https://paris.craigslist.org/apa/d/2-pices-25m-rue-de-la-mare/6767824368.html,25,
"2ème arrondissement, Studio rue de Richelieu",€900,2ème arrondissement,https://paris.craigslist.org/apa/d/2me-arrondissement-studio-rue-de/6767822056.html,18,
Furnished 2BR apartment (46sqm) rue Berzélius,€1550,Paris 17th arrondissement,https://paris.craigslist.org/apa/d/furnished-2br-apartment-46sqm-rue/6767822929.html,46,
Charming 3 bedroom flat!,€2799,South-West Issy les Moulineaux - Rue Claude Matrat- 3 Rue Ra,https://paris.craigslist.org/apa/d/charming-3-bedroom-flat/6767707375.html,,
Amazing loft apartment with beautiful courtyard!,€1650,Paris Ledru Rollin - Rue Faubourg St Antoine,https://paris.craigslist.org/apa/d/amazing-loft-apartment-with-beautiful/6767689491.html,,
- 2 Bedroom apartment with elevator and balcony!,€2299,Paris Wagram - Rue Philibert Delorme,https://paris.craigslist.org/apa/d/2-bedroom-apartment-with-elevator-and/6767695417.html,,
- 70m2  Stylish and modern rooftop apartment,€1950,Paris Rambuteau - Rue St Martin,https://paris.craigslist.org/apa/d/70m2-stylish-and-modern-rooftop/6767694408.html,,
Convenient 2 Bedroom - 65m2** Apartment!,€1850,North-West St Cloud - Residence Beausoleil,https://paris.craigslist.org/apa/d/convenient-2-bedroom-65m2-apartment/6767693731.html,,
Conveniently-located Apartment!,€1690,Paris Avenue Emile Zola - Rue Violet,https://paris.craigslist.org/apa/d/conveniently-located-apartment/6767690629.html,,
- 1 Bedroom - 35m2 { Fifth floor apartment},€1475,Paris Reaumur - Sebastopol- Rue St Denis,https://paris.craigslist.org/apa/d/1-bedroom-35m2-fifth-floor-apartment/6767682181.html,,
Renovated/ Furnished 1 Bedroom Apartment!,€1599,Paris Censier Daubenton - Rue du Fer a Moulin -,https://paris.craigslist.org/apa/d/renovated-furnished-1-bedroom-apartment/6767688747.html,,
Paris apartment rental near Buttes Chaumont,€1350,,https://paris.craigslist.org/apa/d/paris-apartment-rental-near-buttes/6767688740.html,40,
Charming 2 Beds Apartment!,€1490,Paris Gare du Nord - Marx Dormoy- Rue Philippe de Girard,https://paris.craigslist.org/apa/d/charming-2-beds-apartment/6767683006.html,,
Apartment in the the center of Paris!,€1399,Paris Chatelet - Rivoli,https://paris.craigslist.org/apa/d/apartment-in-the-the-center-of-paris/6767681106.html,,
"Appartement 2 chambres, Rue Custine",€1990,18ème arrondissement,https://paris.craigslist.org/apa/d/appartement-2-chambres-rue-custine/6767688138.html,57,
Very Sunny 1 Bedroom Apartment!,€1249,Paris Pernety - Rue Boyer Barret,https://paris.craigslist.org/apa/d/very-sunny-1-bedroom-apartment/6767680321.html,,
Ground floor apartment with loft sleeping area,€1190,Paris Miromesnil Champs Elysees - Rue la Boetie,https://paris.craigslist.org/apa/d/ground-floor-apartment-with-loft/6767679457.html,,
- 1 Bedroom  apartment adjacent to Metro Cambronne-,€1550,Paris Cambronne - Villa Croix Nivert,https://paris.craigslist.org/apa/d/1-bedroom-apartment-adjacent-to-metro/6767685364.html,,
FULLY FURNISHED APARTMENT!,€1050,Paris Montmartre - Rue Labat-,https://paris.craigslist.org/apa/d/fully-furnished-apartment/6767677719.html,,1
Spacious Apartment: 1 Bedroom - 36m2,€1499,Paris Victor Hugo - Rue Lauriston -,https://paris.craigslist.org/apa/d/spacious-apartment-1-bedroom-36m2/6767683871.html,,
Lovely 1 Bedroom Apartment!,€1090,Paris Abbesses - Rue Durantin -,https://paris.craigslist.org/apa/d/lovely-1-bedroom-apartment/6767678378.html,,1
Studio with elevator in perfect condition!,€800,Paris Passy - Rue Benjamin Franklin,https://paris.craigslist.org/apa/d/studio-with-elevator-in-perfect/6767675995.html,,
*Compact  Studio apartment in a great location!,€750,Paris Bastille - Rue de Charonne -,https://paris.craigslist.org/apa/d/compact-studio-apartment-in-great/6767673870.html,,
Apartment studio near Marais in Paris,€960,4th arrondissement,https://paris.craigslist.org/apa/d/apartment-studio-near-marais-in-paris/6767655608.html,21,
"1BR, 50sqm, avenue du General Leclerc",€1600,14th arrondissement,https://paris.craigslist.org/apa/d/1br-50sqm-avenue-du-general-leclerc/6767654919.html,50,
Appartement à La Villette à Paris,€1127,19ème arrondissement,https://paris.craigslist.org/apa/d/appartement-la-villette-paris/6767654817.html,35,
"Paris apartment rental on a quiet street, Villa Verlaine",€1350,,https://paris.craigslist.org/apa/d/paris-apartment-rental-on-quiet-street/6767654881.html,40,
Studio Apartment In Rue des Jeuneurs,€550,Paris,https://paris.craigslist.org/apa/d/studio-apartment-in-rue-des-jeuneurs/6754997150.html,15,1
Studio Avenue Georges Mandel,€1450,16ème  arrondissement,https://paris.craigslist.org/apa/d/studio-avenue-georges-mandel/6767643554.html,36,
Studio à Strasbourg Saint Denis,€850,10ème arrondissement,https://paris.craigslist.org/apa/d/studio-strasbourg-saint-denis/6767643654.html,16,
LOUVRE LOVELY APARTMENT LOCATED IN PARIS,€600,Rue Pierre Lescot,https://paris.craigslist.org/apa/d/louvre-lovely-apartment-located-in-paris/6758533413.html,30,1
Lovely Apartment In Paris,€450,Passage Thiéré,https://paris.craigslist.org/apa/d/lovely-apartment-in-paris/6755014773.html,13,1
Apartment studio near Villiers in Paris,€950,17th arrondissement,https://paris.craigslist.org/apa/d/apartment-studio-near-villiers-in-paris/6767009801.html,23,
House à Place d'Italie,€1650,13ème arrondissement,https://paris.craigslist.org/apa/d/house-place-ditalie/6767011853.html,60,
Appartement à Champ de Mars à Paris,€1450,7ème arrondissement,https://paris.craigslist.org/apa/d/appartement-champ-de-mars-paris/6766960693.html,37,
"4th district, Studio Rue St Louis en l' Ile",€1300,4th arrondissement,https://paris.craigslist.org/apa/d/4th-district-studio-rue-st-louis-en-ile/6766953295.html,,
Spacious  3 Bedroom - 110m2,€4200,Paris Sevres Babylone Bon Marche,https://paris.craigslist.org/apa/d/spacious-3-bedroom-110m2/6766871062.html,,
Gorgeous 3 bedroom apartment!,€2799,South-West Issy les Moulineaux - Rue Claude Matrat- 3 Rue Ra,https://paris.craigslist.org/apa/d/gorgeous-3-bedroom-apartment/6766866820.html,,
Apartment with balcony and view over Paris.,€2999,North-West St Cloud - Allee Florent Schmitt,https://paris.craigslist.org/apa/d/apartment-with-balcony-and-view-over/6766869074.html,,
Amazing loft apartment with beautiful courtyard,€1650,Paris Ledru Rollin - Rue Faubourg St Antoine,https://paris.craigslist.org/apa/d/amazing-loft-apartment-with-beautiful/6766853086.html,,1
Furnished 2BR apartment (46sqm) rue Berzélius,€1550,Paris 17th arrondissement,https://paris.craigslist.org/apa/d/furnished-2br-apartment-46sqm-rue/6766862229.html,46,
apartment with elevator and balcony.,€2299,Paris Wagram - Rue Philibert Delorme,https://paris.craigslist.org/apa/d/apartment-with-elevator-and-balcony/6766860680.html,,
Appartement à Champ de Mars,€1450,7ème arrondissement,https://paris.craigslist.org/apa/d/appartement-champ-de-mars/6766859987.html,37,
Paris apartment rental near Buttes Chaumont,€1350,,https://paris.craigslist.org/apa/d/paris-apartment-rental-near-buttes/6766861172.html,40,
- 70m2/ Stylish and modern rooftop apartment,€1950,Paris Rambuteau - Rue St Martin,https://paris.craigslist.org/apa/d/70m2-stylish-and-modern-rooftop/6766859907.html,,
Furnished Apartment! { 2 Beds},€1490,Paris Gare du Nord - Marx Dormoy- Rue Philippe de Girard,https://paris.craigslist.org/apa/d/furnished-apartment-2-beds/6766849361.html,,
- 2 Bedroom apartment in a very convenient location !,€1850,North-West St Cloud - Residence Beausoleil,https://paris.craigslist.org/apa/d/2-bedroom-apartment-in-very-convenient/6766858337.html,,
Apartment on a Prime Spot!,€1399,Paris Chatelet - Rivoli,https://paris.craigslist.org/apa/d/apartment-on-prime-spot/6766849446.html,,1
Apartment near the Eiffel Tower!,€1690,Paris Avenue Emile Zola - Rue Violet,https://paris.craigslist.org/apa/d/apartment-near-the-eiffel-tower/6766854046.html,,1
Furnished/Renovated 1 Bedroom Apartment!,€1599,Paris Censier Daubenton - Rue du Fer a Moulin,https://paris.craigslist.org/apa/d/furnished-renovated-1-bedroom-apartment/6766851693.html,,
- 1 Bedroom apartment adjacent to Metro Cambronne**,€1550,Paris Cambronne - Villa Croix Nivert,https://paris.craigslist.org/apa/d/1-bedroom-apartment-adjacent-to-metro/6766850675.html,,
Sunny 1 Bedroom Apartment!,€1249,Paris Pernety - Rue Boyer Barret -,https://paris.craigslist.org/apa/d/sunny-1-bedroom-apartment/6766846373.html,,1
Spacious 1 Bedroom - 36m2!,€1499,Paris Victor Hugo - Rue Lauriston -,https://paris.craigslist.org/apa/d/spacious-1-bedroom-36m2/6766849901.html,,
Ground floor apartment with loft sleeping area,€1190,Paris Miromesnil Champs Elysees - Rue la Boetie,https://paris.craigslist.org/apa/d/ground-floor-apartment-with-loft/6766843599.html,,
- Studio with a large terrace-,€800,Paris Passy - Rue Benjamin Franklin,https://paris.craigslist.org/apa/d/studio-with-large-terrace/6766839940.html,,
A 24 sqm studio in Montmartre!,€1090,Paris Abbesses - Rue Durantin,https://paris.craigslist.org/apa/d/24-sqm-studio-in-montmartre/6766841909.html,,1
Compact Studio with hardwood floors!,€750,Paris Bastille - Rue de Charonne,https://paris.craigslist.org/apa/d/compact-studio-with-hardwood-floors/6766839351.html,,
Appart 2 chambres meublé,€1090,36 bis rue de Montreuil,https://paris.craigslist.org/apa/d/appart-2-chambres-meubl/6766836620.html,35,2
Nice and spacious stuido apartment availabe at 7th Arrondissement,€400,7th Arrondissement,https://paris.craigslist.org/apa/d/nice-and-spacious-stuido-apartment/6766816804.html,,1
Appartement à La Villette à Paris,€1127,19ème arrondissement,https://paris.craigslist.org/apa/d/appartement-la-villette-paris/6766788674.html,35,
Your flat in Paris for a long term stay,,Paris,https://paris.craigslist.org/apa/d/your-flat-in-paris-for-long-term-stay/6766788763.html,,
2 pièces 25m² Rue de la Mare,€900,20ème,https://paris.craigslist.org/apa/d/2-pices-25m-rue-de-la-mare/6766789197.html,25,
Appartement à La Villette à Paris,€1127,19ème arrondissement,https://paris.craigslist.org/apa/d/appartement-la-villette-paris/6766788814.html,35,
"2ème arrondissement, Studio rue de Richelieu",€900,2ème arrondissement,https://paris.craigslist.org/apa/d/2me-arrondissement-studio-rue-de/6766788728.html,18,
"1BR, 50sqm, avenue du General Leclerc",€1600,14th arrondissement,https://paris.craigslist.org/apa/d/1br-50sqm-avenue-du-general-leclerc/6766219623.html,50,
"Paris apartment rental on a quiet street, Villa Verlaine",€1350,,https://paris.craigslist.org/apa/d/paris-apartment-rental-on-quiet-street/6766203772.html,40,
Paris apartment rental near Martyrs,€1800,,https://paris.craigslist.org/apa/d/paris-apartment-rental-near-martyrs/6766204971.html,63,
Apartment studio near Marais in Paris,€960,4th arrondissement,https://paris.craigslist.org/apa/d/apartment-studio-near-marais-in-paris/6766203875.html,21,
Elegant Studio apartment heart of Paris,€400,5th arrondissements,https://paris.craigslist.org/apa/d/elegant-studio-apartment-heart-of-paris/6766019058.html,,1
Studio apartment availbale at 1st Arrondissement,€350,1st Arrondissement,https://paris.craigslist.org/apa/d/studio-apartment-availbale-at-1st/6766011422.html,,1
Grand 2 pièces de 50sqm rue d'Hauteville,€1800,10ème arrondissement,https://paris.craigslist.org/apa/d/grand-2-pices-de-50sqm-rue-dhauteville/6766012024.html,50,
Apartment on Rue Commines,€1000,5th arrondissement,https://paris.craigslist.org/apa/d/apartment-on-rue-commines/6766013130.html,30,
Studio à Strasbourg Saint Denis,€850,10ème arrondissement,https://paris.craigslist.org/apa/d/studio-strasbourg-saint-denis/6766011392.html,16,
Paris apartment rental near Notre Dame,€1242,5th arrondissement,https://paris.craigslist.org/apa/d/paris-apartment-rental-near-notre-dame/6765996058.html,33,
"Appartement 2 chambres, Rue Custine",€1990,18ème arrondissement,https://paris.craigslist.org/apa/d/appartement-2-chambres-rue-custine/6765996826.html,57,
"Paris apartment rental on a quiet street, Villa Verlaine",€1350,,https://paris.craigslist.org/apa/d/paris-apartment-rental-on-quiet-street/6765995761.html,40,
"4th district, Studio Rue St Louis en l' Ile",€1300,4th arrondissement,https://paris.craigslist.org/apa/d/4th-district-studio-rue-st-louis-en-ile/6765917556.html,,
Appartement à Champ de Mars,€1450,7ème arrondissement,https://paris.craigslist.org/apa/d/appartement-champ-de-mars/6765919592.html,37,
Paris apartment rental near Buttes Chaumont,€1350,,https://paris.craigslist.org/apa/d/paris-apartment-rental-near-buttes/6765920577.html,40,
Paris apartment rental near Martyrs,€1800,,https://paris.craigslist.org/apa/d/paris-apartment-rental-near-martyrs/6765391969.html,63,
Your flat in Paris for a long term stay,,Paris,https://paris.craigslist.org/apa/d/your-flat-in-paris-for-long-term-stay/6765392583.html,,
House à Place d'Italie,€1650,13ème arrondissement,https://paris.craigslist.org/apa/d/house-place-ditalie/6765392958.html,60,
"2ème arrondissement, Studio rue de Richelieu",€900,2ème arrondissement,https://paris.craigslist.org/apa/d/2me-arrondissement-studio-rue-de/6765394603.html,18,
"Appartement 2 chambres, Rue Custine",€1990,18ème arrondissement,https://paris.craigslist.org/apa/d/appartement-2-chambres-rue-custine/6765392180.html,57,
Classic 3 Bedroom Apartment @ 110m2,€4200,Paris Sevres Babylone Bon Marche -,https://paris.craigslist.org/apa/d/classic-3-bedroom-apartment-110m2/6765235105.html,,
APartment with balcony and view over Paris!,€2999,North-West St Cloud - Allee Florent Schmitt,https://paris.craigslist.org/apa/d/apartment-with-balcony-and-view-over/6765232679.html,,
Apartment on the 1st floor!,€2799,South-West Issy les Moulineaux - Rue Claude Matrat- 3 Rue Ra,https://paris.craigslist.org/apa/d/apartment-on-the-1st-floor/6765230495.html,,3
Appartement à Quartier Latin à Paris,€4000,,https://paris.craigslist.org/apa/d/appartement-quartier-latin-paris/6765232221.html,95,
2 Beds Apartment with an open kitchen!,€1490,Paris Gare du Nord - Marx Dormoy- Rue Philippe de Girard,https://paris.craigslist.org/apa/d/2-beds-apartment-with-an-open-kitchen/6765203777.html,,
- 70m2/ Stylish and modern rooftop apartment,€1950,Paris Rambuteau - Rue St Martin,https://paris.craigslist.org/apa/d/70m2-stylish-and-modern-rooftop/6765224597.html,,
Appartement à La Villette à Paris,€1127,19ème arrondissement,https://paris.craigslist.org/apa/d/appartement-la-villette-paris/6765228797.html,35,
"Paris apartment rental on a quiet street, Villa Verlaine",€1350,,https://paris.craigslist.org/apa/d/paris-apartment-rental-on-quiet-street/6765229872.html,40,
LOVELY 2 Bedroom Apartment with balconies!,€1850,North-West St Cloud - Residence Beausoleil,https://paris.craigslist.org/apa/d/lovely-2-bedroom-apartment-with/6765223132.html,,
Top (8th) floor flat with elevator! (1 bedroom),€1690,Paris Avenue Emile Zola - Rue Violet,https://paris.craigslist.org/apa/d/top-8th-floor-flat-with-elevator-1/6765220037.html,,
Apartment  in the prestigious 16th district of Paris!,€1499,Paris Victor Hugo - Rue Lauriston -,https://paris.craigslist.org/apa/d/apartment-in-the-prestigious-16th/6765205109.html,,
Renovated- 1 Bedroom Apartment  43m2,€1599,Paris Censier Daubenton - Rue du Fer a Moulin,https://paris.craigslist.org/apa/d/renovated-1-bedroom-apartment-43m2/6765215013.html,,
- Studio - 13m2** In a Pleasant Building!,€750,Paris Bastille - Rue de Charonne,https://paris.craigslist.org/apa/d/studio-13m2-in-pleasant-building/6765194803.html,,
*Apartment on a prime spot*,€1399,Paris Chatelet - Rivoli,https://paris.craigslist.org/apa/d/apartment-on-prime-spot/6765201780.html,,
Fully Furnished Apartment! : 1 Bedroom- 35m2,€1050,Paris Montmartre - Rue Labat-,https://paris.craigslist.org/apa/d/fully-furnished-apartment-1-bedroom-35m2/6765196892.html,,
Furnished; Studio Apartment @ 15m2,€800,Paris Passy - Rue Benjamin Franklin,https://paris.craigslist.org/apa/d/furnished-studio-apartment-15m2/6765195829.html,,
Charming 1 Bedroom apartment in Pernety!,€1249,Paris Pernety - Rue Boyer Barret,https://paris.craigslist.org/apa/d/charming-1-bedroom-apartment-in-pernety/6765200628.html,,
Perfect Apartment  adjacent to Metro Cambronne!,€1550,Paris Cambronne - Villa Croix Nivert,https://paris.craigslist.org/apa/d/perfect-apartment-adjacent-to-metro/6765206257.html,,
Apartment and Montmartre,€1090,Paris Abbesses - Rue Durantin -,https://paris.craigslist.org/apa/d/apartment-and-montmartre/6765197507.html,,
This Beautiful Studio apt available in 7th arrondissement,€450,7th arrondissement,https://paris.craigslist.org/apa/d/this-beautiful-studio-apt-available-in/6765161548.html,,1
A superb furnished apt studio in Paris,€450,6th Arrondissement,https://paris.craigslist.org/apa/d/superb-furnished-apt-studio-in-paris/6765158551.html,,1
2 pièces 25m² Rue de la Mare,€900,20ème,https://paris.craigslist.org/apa/d/2-pices-25m-rue-de-la-mare/6765168803.html,25,
Paris apartment rental near Notre Dame,€1242,5th arrondissement,https://paris.craigslist.org/apa/d/paris-apartment-rental-near-notre-dame/6765169449.html,33,
"1BR, 50sqm, avenue du General Leclerc",€1600,14th arrondissement,https://paris.craigslist.org/apa/d/1br-50sqm-avenue-du-general-leclerc/6765168134.html,50,
Paris duplex apartment rental near Les Halles,€990,2nd arrondissement,https://paris.craigslist.org/apa/d/paris-duplex-apartment-rental-near-les/6765167976.html,18,
Paris apartment rental near Invalides,€2100,7th arrondissement,https://paris.craigslist.org/apa/d/paris-apartment-rental-near-invalides/6765078756.html,58,
Your flat in Paris for a long term stay,,Paris,https://paris.craigslist.org/apa/d/your-flat-in-paris-for-long-term-stay/6765076582.html,,
Paris apartment rental near Saint-Michel,€1850,6th arrondissement,https://paris.craigslist.org/apa/d/paris-apartment-rental-near-saint-michel/6765077377.html,27,
Appartement à Champ de Mars à Paris,€1450,7ème arrondissement,https://paris.craigslist.org/apa/d/appartement-champ-de-mars-paris/6765074898.html,37,
Charming studio near Boulainvilliers,€950,16th arrondissement,https://paris.craigslist.org/apa/d/charming-studio-near-boulainvilliers/6765075094.html,15,
Your flat in Paris for a long term stay,,Paris,https://paris.craigslist.org/apa/d/your-flat-in-paris-for-long-term-stay/6764530989.html,,
Apartment studio near Villiers in Paris,€950,17th arrondissement,https://paris.craigslist.org/apa/d/apartment-studio-near-villiers-in-paris/6764533016.html,23,
"2ème arrondissement, Studio rue de Richelieu",€900,2ème arrondissement,https://paris.craigslist.org/apa/d/2me-arrondissement-studio-rue-de/6764530094.html,18,
House à Place d'Italie,€1650,13ème arrondissement,https://paris.craigslist.org/apa/d/house-place-ditalie/6764532064.html,60,
"1BR (26sqm), Rue des Roses",€900,18th arrondissement,https://paris.craigslist.org/apa/d/1br-26sqm-rue-des-roses/6764530810.html,26,
Spacious 3 Bedroom Apartment- 110m2,€4200,Paris Sevres Babylone Bon Marche,https://paris.craigslist.org/apa/d/spacious-3-bedroom-apartment-110m2/6764352768.html,,
- 3 Bedroom apartment with balcony and view over Paris.,€2999,North-West St Cloud - Allee Florent Schmitt,https://paris.craigslist.org/apa/d/3-bedroom-apartment-with-balcony-and/6764351589.html,,
- 70m2. Stylish and modern rooftop apartment~,€1950,Paris Rambuteau - Rue St Martin,https://paris.craigslist.org/apa/d/70m2-stylish-and-modern-rooftop/6764347612.html,,
Lovely  3 Bedroom APartment,€2799,South-West Issy les Moulineaux - Rue Claude Matrat- 3 Rue Ra,https://paris.craigslist.org/apa/d/lovely-3-bedroom-apartment/6764350435.html,,
Amazing loft apartment with beautiful courtyard!,€1650,Paris Ledru Rollin - Rue Faubourg St Antoine -,https://paris.craigslist.org/apa/d/amazing-loft-apartment-with-beautiful/6764334835.html,,
- 2 Bedroom in a very convenient location,€1850,North-West St Cloud - Residence Beausoleil,https://paris.craigslist.org/apa/d/2-bedroom-in-very-convenient-location/6764343992.html,,
Perfect 2 Beds APartment!,€1490,Paris Gare du Nord - Marx Dormoy- Rue Philippe de Girard,https://paris.craigslist.org/apa/d/perfect-2-beds-apartment/6764330604.html,,
Conveniently-located 1 Bedroom - 40m2,€1690,Paris Avenue Emile Zola - Rue Violet,https://paris.craigslist.org/apa/d/conveniently-located-1-bedroom-40m2/6764336703.html,,
Secure underground parking place.,€60,Paris,https://paris.craigslist.org/apa/d/secure-underground-parking-place/6764324051.html,,
A 24 sqm studio in Montmartre!,€1090,Paris Abbesses - Rue Durantin -,https://paris.craigslist.org/apa/d/24-sqm-studio-in-montmartre/6764326252.html,,
Furnished 1 Bedroom Apartment : 43m2,€1599,Paris Censier Daubenton - Rue du Fer a Moulin -,https://paris.craigslist.org/apa/d/furnished-1-bedroom-apartment-43m2/6764332923.html,,
- 1 Bedroom -apartment adjacent to Metro Cambronne!,€1550,Paris Cambronne - Villa Croix Nivert,https://paris.craigslist.org/apa/d/1-bedroom-apartment-adjacent-to-metro/6764332197.html,,
Spacious 1 Bedroom Apartment - 36m2,€1499,Paris Victor Hugo - Rue Lauriston,https://paris.craigslist.org/apa/d/spacious-1-bedroom-apartment-36m2/6764331329.html,,
Amazing studio / Amazing studio in Rue du Temple,€500,4th Arrondissement,https://paris.craigslist.org/apa/d/amazing-studio-amazing-studio-in-rue-du/6764308954.html,,1
",,1 Bedroom apartment in Pernety.",€1249,Paris Pernety - Rue Boyer Barret,https://paris.craigslist.org/apa/d/1-bedroom-apartment-in-pernety/6764327700.html,,
Charming studio near Boulainvilliers,€950,16th arrondissement,https://paris.craigslist.org/apa/d/charming-studio-near-boulainvilliers/6764315777.html,15,
Appartement à Quartier Latin à Paris,€4000,,https://paris.craigslist.org/apa/d/appartement-quartier-latin-paris/6764316981.html,95,
Paris apartment rental near Invalides,€2100,7th arrondissement,https://paris.craigslist.org/apa/d/paris-apartment-rental-near-invalides/6764316640.html,58,
Appartement à La Villette à Paris,€1127,19ème arrondissement,https://paris.craigslist.org/apa/d/appartement-la-villette-paris/6764315463.html,35,
"1BR, 50sqm, avenue du General Leclerc",€1600,14th arrondissement,https://paris.craigslist.org/apa/d/1br-50sqm-avenue-du-general-leclerc/6764294745.html,50,
Studio à Strasbourg Saint Denis,€850,10ème arrondissement,https://paris.craigslist.org/apa/d/studio-strasbourg-saint-denis/6764295279.html,16,
Paris apartment rental near Notre Dame,€1242,5th arrondissement,https://paris.craigslist.org/apa/d/paris-apartment-rental-near-notre-dame/6764295102.html,33,
Appartement à Champ de Mars à Paris,€1450,7ème arrondissement,https://paris.craigslist.org/apa/d/appartement-champ-de-mars-paris/6764294548.html,37,
Your flat in Paris for a long term stay,,Paris,https://paris.craigslist.org/apa/d/your-flat-in-paris-for-long-term-stay/6764227308.html,,
Paris apartment rental near Martyrs,€1800,,https://paris.craigslist.org/apa/d/paris-apartment-rental-near-martyrs/6764228055.html,63,
Apartment near Marais on Rue des Gravilliers,€1100,3rd arrondissement,https://paris.craigslist.org/apa/d/apartment-near-marais-on-rue-des/6764227768.html,25,
Paris apartment rental near Saint-Michel,€1850,6th arrondissement,https://paris.craigslist.org/apa/d/paris-apartment-rental-near-saint-michel/6764227193.html,27,
Paris apartment rental near Gobelins,€1500,13th arrondissement,https://paris.craigslist.org/apa/d/paris-apartment-rental-near-gobelins/6764228769.html,45,
Sub-let Paris mid December-mid January 17ème,€850,rue Pouchet,https://paris.craigslist.org/apa/d/sub-let-paris-mid-december-mid-january/6763752808.html,,
2 pièces 25m² Rue de la Mare,€900,20ème,https://paris.craigslist.org/apa/d/2-pices-25m-rue-de-la-mare/6763651388.html,25,
"4th district, Studio Rue St Louis en l' Ile",€1300,4th arrondissement,https://paris.craigslist.org/apa/d/4th-district-studio-rue-st-louis-en-ile/6763652539.html,,
Studio Avenue Georges Mandel,€1450,16ème  arrondissement,https://paris.craigslist.org/apa/d/studio-avenue-georges-mandel/6763652105.html,36,
Furnished apartment with mezzanine - Ile Saint-Louis- 75004 Paris,€1765,Rue Saint-Louis en l'Île,https://paris.craigslist.org/apa/d/furnished-apartment-with-mezzanine-ile/6763634333.html,,1
Furnished 2BR apartment (46sqm) rue Berzélius,€1550,Paris 17th arrondissement,https://paris.craigslist.org/apa/d/furnished-2br-apartment-46sqm-rue/6763651477.html,46,
Paris apartment rental near Invalides,€2100,7th arrondissement,https://paris.craigslist.org/apa/d/paris-apartment-rental-near-invalides/6763534224.html,58,
"1BR (26sqm), Rue des Roses",€900,18th arrondissement,https://paris.craigslist.org/apa/d/1br-26sqm-rue-des-roses/6763529687.html,26,
Paris apartment rental near Buttes Chaumont,€1350,,https://paris.craigslist.org/apa/d/paris-apartment-rental-near-buttes/6763521407.html,40,
Studio à Strasbourg Saint Denis,€850,10ème arrondissement,https://paris.craigslist.org/apa/d/studio-strasbourg-saint-denis/6763430597.html,16,
"Paris apartment rental on a quiet street, Villa Verlaine",€1350,,https://paris.craigslist.org/apa/d/paris-apartment-rental-on-quiet-street/6763428436.html,40,
Appartement à La Villette à Paris,€1127,19ème arrondissement,https://paris.craigslist.org/apa/d/appartement-la-villette-paris/6763427244.html,35,
=> █_=_Modern & Well Stylish Apt which sleeps 4 in=>,€50,7th District.Walk to Eiffel Tower.Paris,https://paris.craigslist.org/apa/d/modern-well-stylish-apt-which-sleeps-4/6763408873.html,,1
"2ème arrondissement, Studio rue de Richelieu",€900,2ème arrondissement,https://paris.craigslist.org/apa/d/2me-arrondissement-studio-rue-de/6763407522.html,18,
fancy & furnished apartment,€500,2 arrondissement,https://paris.craigslist.org/apa/d/fancy-furnished-apartment/6751985426.html,54,1
Appartement à Champ de Mars à Paris,€1450,7ème arrondissement,https://paris.craigslist.org/apa/d/appartement-champ-de-mars-paris/6763400443.html,37,
Spacious 3 Bedroom Apartment@  110m2,€4200,Paris Sevres Babylone Bon Marche -,https://paris.craigslist.org/apa/d/spacious-3-bedroom-apartment-110m2/6762805914.html,,
3 Bedroom  apartment opposite the Eiffel Tower,€3499,Paris Champ de Mars Tour Eiffel - Ave de Suffren,https://paris.craigslist.org/apa/d/3-bedroom-apartment-opposite-the-eiffel/6762803061.html,,
- 3 Bedroom  apartment with balcony and view over Paris.,€2999,North-West St Cloud - Allee Florent Schmitt,https://paris.craigslist.org/apa/d/3-bedroom-apartment-with-balcony-and/6762797862.html,,
- 2 Bedroom  apartment with elevator and balcony-,€2299,Paris Wagram - Rue Philibert Delorme,https://paris.craigslist.org/apa/d/2-bedroom-apartment-with-elevator-and/6762792900.html,,
Perfect 3 Bedroom Apartment!,€2799,South-West Issy les Moulineaux - Rue Claude Matrat- 3 Rue Ra,https://paris.craigslist.org/apa/d/perfect-3-bedroom-apartment/6762796799.html,,
- Studio One block from metro Rambuteau-,€1699,Paris Marais - Rue des Haudriettes,https://paris.craigslist.org/apa/d/studio-one-block-from-metro-rambuteau/6762775770.html,,
Cosy 1 Bedroom all nicely furnished & decorated,€2199,Paris Ecole Militaire Tour Eiffel - Passage Landrieu,https://paris.craigslist.org/apa/d/cosy-1-bedroom-all-nicely-furnished/6762791908.html,,
- 70m2  Stylish and modern rooftop apartment,€1950,Paris Rambuteau - Rue St Martin,https://paris.craigslist.org/apa/d/70m2-stylish-and-modern-rooftop/6762781795.html,,
Large & Bright Apartment***,€1350,Paris Brochant - Rue des Moines,https://paris.craigslist.org/apa/d/large-bright-apartment/6762763608.html,,1
Amazing loft apartment with beautiful courtyard,€1650,Paris Ledru Rollin - Rue Faubourg St Antoine -,https://paris.craigslist.org/apa/d/amazing-loft-apartment-with-beautiful/6762773153.html,,
Quiet Apartment! (balconies facing garden),€1850,North-West St Cloud - Residence Beausoleil,https://paris.craigslist.org/apa/d/quiet-apartment-balconies-facing-garden/6762780411.html,,
APartment near  the Eiffel Tower!,€1690,Paris Avenue Emile Zola - Rue Violet,https://paris.craigslist.org/apa/d/apartment-near-the-eiffel-tower/6762774299.html,,
Studio en mezzanine 18m² à 4min du métro Villiers-Paris8,€500,500€ PER MONTH,https://paris.craigslist.org/apa/d/studio-en-mezzanine-18m-4min-du-mtro/6743112880.html,18,1
"One bedroom apartment, 43 sqm!",€1599,Paris Censier Daubenton - Rue du Fer a Moulin,https://paris.craigslist.org/apa/d/one-bedroom-apartment-43-sqm/6762772374.html,,
1 Bedroom apartment with loft sleeping area,€1190,Paris Miromesnil Champs Elysees - Rue la Boetie,https://paris.craigslist.org/apa/d/1-bedroom-apartment-with-loft-sleeping/6762761232.html,,
- 1 Bedroom apartment adjacent to Metro Cambronne,€1550,Paris Cambronne - Villa Croix Nivert,https://paris.craigslist.org/apa/d/1-bedroom-apartment-adjacent-to-metro/6762770740.html,,
Furnished/Unfurnished Apartment,€1490,Paris Gare du Nord - Marx Dormoy- Rue Philippe de Girard,https://paris.craigslist.org/apa/d/furnished-unfurnished-apartment/6762767619.html,,2
Spacious-1 Bedroom Apartment!,€1499,Paris Victor Hugo - Rue Lauriston,https://paris.craigslist.org/apa/d/spacious-1-bedroom-apartment/6762769037.html,,
A 5th floor (US 6th) apartment with elevator,€1399,Paris Chatelet - Rivoli,https://paris.craigslist.org/apa/d/5th-floor-us-6th-apartment-with-elevator/6762764981.html,,
Charming 1 Bedroom Apartment @  35m2,€1050,Paris Montmartre - Rue Labat,https://paris.craigslist.org/apa/d/charming-1-bedroom-apartment-35m2/6762758304.html,,
Paris apartment rental near Martyrs,€1800,,https://paris.craigslist.org/apa/d/paris-apartment-rental-near-martyrs/6762759944.html,63,
- 1 Bedroom apartment in Pernety-,€1249,Paris Pernety - Rue Boyer Barret,https://paris.craigslist.org/apa/d/1-bedroom-apartment-in-pernety/6762762401.html,,
"1BR, 50sqm, avenue du General Leclerc",€1600,14th arrondissement,https://paris.craigslist.org/apa/d/1br-50sqm-avenue-du-general-leclerc/6762761389.html,50,
A 24 sqm studio in Montmartre!,€1090,Paris Abbesses - Rue Durantin,https://paris.craigslist.org/apa/d/24-sqm-studio-in-montmartre/6762759617.html,,1
Available Compact Studio - 13m2,€750,Paris Bastille - Rue de Charonne -,https://paris.craigslist.org/apa/d/available-compact-studio-13m2/6762756425.html,,
House à Place d'Italie,€1650,13ème arrondissement,https://paris.craigslist.org/apa/d/house-place-ditalie/6762759607.html,60,
"Paris apartment rental on a quiet street, Villa Verlaine",€1350,,https://paris.craigslist.org/apa/d/paris-apartment-rental-on-quiet-street/6762760782.html,40,
Studio with elevator in perfect condition,€800,Paris Passy - Rue Benjamin Franklin,https://paris.craigslist.org/apa/d/studio-with-elevator-in-perfect/6762757428.html,,
"Joli T2 45m² à 6min "" Métro George V "" Paris 8è",€585,585€ PER MONTH,https://paris.craigslist.org/apa/d/joli-t2-45m-6min-mtro-george-paris-8/6750538014.html,45,1
